156 22025
1 1 1 1 1 1 1 1 1 1 11 1 1 1 1 1 1 1 1 1 1 1 1 1 1 15 1 1 11 1 1 1 1 1 1 7 1 1 1 1 1 1 66 11 1 1 1 1 1 1 1 1 1 1 1 1 8 1 1 10 1 1 1 1 1 1 15 1 1 1 1 66 1 1 11 67 1 1 67 1 1 1 1 2 1 1 1 1 1 1 2 10 68 1 1 1 1 1 1 1 1 1 1 1 1 1 1 1 1 2 1 1 11 1 1 1 1 11 1 1 1 1 1 1 1 1 68 1 1 1 1 1 1 1 1 7 1 1 66 1 1 1 1 62 1 1 62 1 1 1 1 1 1 1 1 1 1 1 1 1 1 1 1 1 1 1 1 1 1 1 1 1 1 1 1 1 1 8 66 1 1 1 1 1 1 1 1 1 1 1 1 1 1 1 1 1 1 15 1 1 66 1 1 1 1 1 1 66 1 1 1 1 1 1 1 1 1 1 66 1 1 1 1 1 1 1 1 10 1 1 1 1 1 1 1 1 1 1 1 1 67 1 1 1 1 1 1 1 1 65 1 1 1 1 1 1 66 1 1 1 1 1 1 1 1 1 1 1 1 1 1 66 1 1 1 1 1 1 1 1 1 1 1 1 1 1 1 1 1 1 1 1 1 1 67 1 1 1 1 1 1 11 1 1 1 1 1 1 1 1 1 1 1 1 1 1 1 1 1 1 1 1 1 1 1 1 1 1 1 1 1 1 1 1 1 1 1 1 7 1 1 1 1 1 1 1 1 1 1 1 1 1 1 65 1 1 1 1 1 1 8 1 1 1 1 1 1 1 1 62 1 1 1 1 1 1 1 1 1 1 1 1 1 1 2 1 1 1 1 1 1 1 1 1 1 2 1 1 1 1 1 1 1 1 1 1 10 1 1 1 1 1 1 1 1 1 1 1 1 1 1 1 1 62 1 1 1 1 7 2 1 1 15 1 1 1 1 1 1 8 1 1 1 1 1 1 1 1 1 1 1 1 1 1 1 1 1 1 1 1 1 1 1 1 1 1 11 1 1 1 1 2 1 1 1 1 7 68 67 1 1 2 2 1 1 1 1 1 1 1 1 1 1 11 1 1 15 1 1 1 1 1 1 1 1 1 1 1 1 1 1 15 1 1 1 1 1 1 1 1 1 1 2 1 1 1 1 1 1 1 1 1 1 67 8 1 1 1 1 1 1 2 65 1 1 62 1 1 1 1 1 1 8 10 1 1 1 1 1 1 1 1 1 1 1 1 1 1 7 1 1 1 1 7 1 1 1 1 1 1 7 1 1 1 1 1 1 1 1 1 1 11 1 1 1 1 1 1 1 1 1 1 1 1 1 1 1 1 15 1 1 11 11 68 1 1 1 1 1 1 1 1 1 1 1 1 1 1 7 1 1 15 11 1 1 1 1 1 1 2 1 1 10 67 1 1 1 1 1 1 1 1 1 1 1 1 1 1 1 1 1 1 1 1 1 1 1 1 1 1 1 1 1 1 1 1 1 1 1 1 1 1 1 1 1 1 1 1 1 1 1 1 1 1 1 1 1 1 1 1 1 1 1 1 1 1 66 1 1 7 1 1 1 1 1 1 1 1 1 1 1 1 1 1 65 1 1 11 1 1 1 1 1 1 1 1 68 1 1 1 1 1 1 1 1 1 1 1 1 1 1 1 1 1 1 1 1 1 1
2 2 2 2 2 2 66 14 2 2 2 2 2 2 2 2 2 2 2 2 14 2 2 2 2 2 2 2 2 66 1 1 2 2 1 66 2 2 2 2 2 2 2 2 2 2 2 2 2 2 2 2 2 2 2 2 73 2 2 14 2 2 2 2 2 2 2 2 2 2 2 2 2 2 2 2 2 2 14 2 2 15 2 2 2 2 2 2 66 2 2 2 2 2 2 2 2 2 2 2 2 2 2 2 2 2 2 2 2 2 2 1 14 1 2 2 14 2 2 2 2 2 2 2 2 73 1 2 2 2 2 2 2 1 66 1 1 14 66 2 2 66 2 2 1 14 14 1 2 2 2 2 2 2 14 66 2 2 15 66 2 2 2 2 2 2 2 2 2 2 2 2 2 2 2 2 1 2 2 14 66 2 2 2 2 2 2 2 2 2 2 2 2 2 2 2 2 2 2 2 2 2 2 2 2 15 2 2 2 2 2 2 2 2 2 2 2 2
28 88 87 3 3 3 3 3 3 3 3 3 3 3 3 3 3 30 3 3 30 3 3 30 87 3 3 30 30 3 3 3 3 29 3 3 3 3 3 3 3 3 3 3 88 3 3 29 3 3 3 3 3 3 3 3 3 3 88 3 3 3 3 3 3 29 3 3 28 3 3 88 3 3 3 3 3 3 28 88 87 87 3 3 3 3 3 3 30 3 3 28 3 3 28 28 3 3 29 28 30
4 4 143 4 4 145 4 4 4 4 143 4 4 4 4 4 4 49 4 4 64 143 4 4 64 4 4 68 4 4 145 4 4 50 4 4 4 4 68 4 4 4 4 4 4 4 4 4 4 4 4 4 4 145 4 4 49 4 4 145 4 4 145 49 4 4 4 4 4 4 4 4 4 4 50 4 4 145 4 4 4 4 4 4 4 4 50 145 4 4 4 4 4 4 4 4 4 4 4 4 4 4 4 4 4 4 4 4 4 4 4 4 4 4 49 4 4 50 4 4 4 4 4 4 4 4 64 4 4 4 4 4 4 145 4 4 4 4 4 4 4 4 4 4 4 4 49 4 4 4 4 4 4 49 4 4 4 4 68 4 4 4 4 4 4 4 4 4 4 143 4 4 4 4 4 4 145 4 4 4 4 64 4 4 4 4 4 4 68 4 4 4 4 4 4 4 4 145 143 68 4 4 50 50 4 4 4 4 4 4 49 4 4 4 4 4 4 4 4 145 145 4 4 4 4 4 4 4 4 68 68 50 4 4 145 4 4 4 4 4 4
5 5 50 5 5 5 5 50 149 5 5 148 5 5 5 5 5 5 5 5 5 5 5 5 5 5 5 5 57 149 5 5 5 5 148 50 5 5 5 5 5 5 5 5 148 149 5 5 5 5 149 5 5 5 5 50 149 5 5 5 5 50 5 5 149 5 5 5 5 149 5 5 5 5 5 5 5 5 5 5 5 5 5 5 148 5 5 5 5 5 5 5 5 5 5 5 5 5 5 148 148 5 5 5 5 5 5 5 5 50 50 5 5 147 149 5 5 5 5 149 5 5 5 5 5 5 5 5 5 5 5 5 5 5 5 5 149 5 5 5 5 5 5 5 5 147 5 5 5 5 5 5 5 5 5 5 50 5 5 147 5 5 5 5 5 5 148 50 50 50 50 5 5 5 5 149 5 5 5 5 5 5 5 5 5 5 5 5 5 5 5 5 5 5 50 5 5 5 5 149 5 5 5 5 5 5 5 5
6 6 6 6 6 6 6 6 57 6 6 6 6 6 6 6 6 57 6 6 7 6 6 6 6 6 6 58 6 6 6 6 6 6 57 6 6 58 7 6 6 6 6 6 6 6 6 6 6 6 6 6 6 6 6 6 6 57 6 6 6 6 149 6 6 6 6 58 6 6 6 6 6 6 6 6 6 6 6 6 6 6 6 6 6 6 6 6 6 6 6 6 6 6 6 6 6 6 6 6 6 6 6 6 6 6 6 6 6 6 6 6 6 6 6 6 6 6 6 6 6 6 6 6 57 6 6 6 6 6 6 6 6 6 6 58 6 6 6 6 6 6 58 6 6 6 6 57 6 6 7 58 58 7 6 6 6 6 6 6 6 6 6 6 7 6 6 6 6 6 6 57 6 6 6 6 58 6 6 6 6 6 6 6 6 6 6 6 6 57 6 6 58 6 6 6 6 6 6 6 6 6 6 6 6 6 6 6 6 6 6 6 6 6 6 6 6 6 6 6 6 6 6 6 6 6 6 7 7 6 6 6 6 6 6 6 6 6 6 6 6 6 6 6 6 57 6 6 6 6 6 6 6 6 6 6 6 6 6 6 57 6 6 6 6 6 6 6 6 6 6 6 6 6 6 6 6 57 6 6 6 6 6 6 6 6 6 6 6 6 58 6 6 6 6 58 57 6 6 6 6 6 6 6 6 6 6 57 6 6 58 6 6 6 6 57 6 6 6 6 6 6 58 7 57 58 57 58 6 6 6 6 6 6 6 6 6 6 6 6 6 6 6 6 6 6 6 6 6 6 6 6 6 6 6 6 6 6 6 6 7 57 6 6 6 6 6 6
7 7 7 7 7 7 7 7 8 7 7 59 7 7 7 7 7 7 7 7 7 7 1 6 60 7 7 7 7 7 7 6 7 7 7 7 7 7 7 7 7 7 7 7 58 7 7 7 7 7 7 7 7 58 8 1 58 7 7 7 7 7 7 7 7 7 7 7 7 7 7 7 7 7 7 7 7 7 7 57 7 7 57 7 7 7 7 7 7 7 7 7 7 7 7 7 7 7 7 7 7 7 7 7 7 59 7 7 7 7 7 7 7 7 6 7 7 58 7 7 6 8 7 7 7 7 7 7 6 1 7 7 7 7 15 15 7 7 7 7 7 7 7 7 7 7 57 7 7 58 58 57 7 7 57 8 7 7 58 7 7 7 7 7 7 7 7 7 7 1 7 7 7 7 7 7 7 7 7 7 7 7 7 7 6 7 7 6 7 7 7 7 7 7 8 1 7 7 7 7 7 7 7 7 7 7 7 7 7 7 57 7 7 7 7 7 7 7 7 1 1 58 7 7 7 7 1 7 7 7 7 7 7 7 7 7 7 7 7 7 7 7 7 59 7 7 7 7 58 7 7 7 7 7 7 58 7 7 7 7 7 7 7 7 1 7 7 7 7 8 6 7 7 7 7 57 7 7 7 7 7 7 7 7 7 7 58 7 7 7 7 7 7 7 7 1 7 7 7 7 7 7 7 7 7 7 7 7 6 7 7 7 7 58 7 7 7 7 58 7 7
8 8 57 62 7 8 8 8 8 57 8 8 8 8 1 61 8 8 8 8 61 7 8 8 1 61 8 8 57 57 61 8 8 8 8 8 8 8 8 8 8 61 62 8 8 8 8 8 8 7 62 8 8 1 8 8 8 8 7 8 8 8 8 1 8 8 7 57 1 8 8 1 8 8 61 8 8 8 8 8 8 57 8 8 7 8 8 8 8 8 8 8 8 8 8 57
64 9 9 9 9 63 9 9 9 9 9 9 64 64 10 9 9 63 9 9 10 10 9 9 9 9 9 9 9 9 9 9 9 9 57 9 9 9 9 9 9 10 9 9 9 9 9 9 9 9 57 9 9 9 9 9 9 9 9 63 148 9 9 9 9 10 9 9 9 9 9 9 9 9 9 9 9 9 9 9 9 9 9 9 9 9 9 9 9 9 9 9 63 9 9 9 9 63 64 9 9 9 9 64 63 9 9 148 9 9 9 9 148 57 9 9 9 9 9 9 64 9 9 64 10 9 9 57 9 9 9 9 64 148
10 10 10 10 10 10 10 10 62 64 64 1 9 62 1 10 10 9 9 10 10 10 10 62 63 64 10 10 10 10 65 10 10 10 10 1 10 10 10 10 11 64 10 10 62 10 10 9 10 10 10 10 62 10 10 10 10 10 10 64 10 10 11 10 10 63 10 10 10 10 1 10 10 10 10 9 11 10 10 10 10 10 10 11 10 10 10 10 1 10 10 10 10 10 10 65 10 10 10 10 10 10 10 10 10 10 10 10 10 10 1 9 10 10 10 10 10 10 10 10 10 10 10 10 10 10 11 10 10 64 11 10 10 65 64
11 11 1 62 11 11 1 11 11 11 11 1 11 11 11 11 11 11 1 1 1 11 11 11 11 11 11 11 11 11 11 11 11 11 11 11 11 11 11 10 11 11 11 11 1 11 11 10 11 11 11 11 11 11 11 11 10 11 11 1 62 11 11 1 10 1 11 11 11 11 1 1 11 11 1 11 11 11 11 11 11 62 11 11 10 10 1
12 12 69 67 66 12 12 66 12 12 12 12 12 12 12 12 12 12 69 12 12 67 69 69 12 12 12 12 67 66 66 12 12 12 12 12 12 12 12 67 12 12 142 69 69 12 12 12 12 12 12 12 12 12 12 12 12 66 66 12 12 12 12 142 12 12 12 12 12 12 67 12 12 12 12 12 12 12 12 12 12 12 12 12 12 12 12 12 12 12 12 12 12 12 12 12 12 12 12 66 12 12 68 12 12 12 12 12 12 12 12 12 12 69 142 66 12 12 12 12 66 69 67 12 12 67 69
20 74 13 13 13 13 13 13 73 13 13 13 13 34 13 13 13 13 13 13 13 13 13 13 76 19 13 13 13 13 13 13 76 72 13 13 72 13 13 13 13 13 13 13 13 13 13 13 13 73 13 13 13 13 13 13 13 13 13 13 13 13 76 74 13 13 76 13 13 34 20 13 13 13 13 13 13 13 13 13 13 13 13 76 13 13 34 13 13 13 13 13 13 13 13 13 13 13 13 20 13 13 13 13 13 13 76 13 13 76 13 13 13 13 13 13 13 13 74 13 13 13 13 13 13 13 13 13 13 13 13 13 13 74 13 13 13 13 13 13 20 76 13 13 13 13 13 13 13 13 13 13 13 13 74 13 13 74 34 34 13 13 13 13 13 13 13 13 13 13 13 13 18 76 13 13 13 13 13 13 13 13 13 13 74 13 13 13 13 13 13 13 13 72 13 13 13 13 74 13 13 13 13 13 13 13 13 13 13 13 13 76 13 13 76 13 13 20 13 13 13 13 13 13 13 13 13 13 13 13 72 20 13 13 13 13 13 13 13 13 13 13 13 13 20 13 13 13 13 13 13 13 13 73 13 13 13 13 13 13 13 13 13 13 13 13 13 13 74 13 13 13 13 13 13 13 13 13 13 13 13 13 13 13 13 13 13 13 13 13 13 13 13 13 13 13 13 13 13 13 13 13 13 73 13 13 13 13 13 13 13 13 13 13 13 13 13 13 13 13 13 13 13 13 13 13 13 13 13 13 13 13 13 13 13 13 13 13 13 13 13 13 13 13 13 13 72 34 74 13 13 13 13 13 13 19 13 13 13 13 18 13 13 13 13 13 13 13 13 13 13 76 13 13 13 13 13 13 13 13 13 13 74 13 13 13 13 13 13 13 13 13 13 13 13 13 13 13 13 13 13 13 13 13 13 13 13 13 13 20 13 13 20 13 13 13 13 13 13 13 13 19 13 13 13 13 13 13 13 13 13 13 13 13 73 13 13 13 13 74 19 13 13 13 13 13 13 74 13 13 13 13 13 13 13 13 13 13 13 13 18 76 13 13 13 13 13 13 13 13 13 13 13 13 34 13 13 13 13 13 13 13 13 13 13 13 13 73 13 13 13 13
14 14 2 14 14 74 74 73 2 74 14 14 14 14 14 14 14 14 14 14 14 14 2 74 14 14 14 14 73 14 14 14 14 2 14 14 14 14 14 14 14 14 60 14 14 14 14 2 60 74 2 60 14 14 73 14 14 14 14 2 14 14 2 2 14 14 14 14 2 60 14 14 14 14 14 14 14 14 2 14 14 14 14 60 74 74 14 14 14 14 14 14 14 14 60 14 14 74 14 14 74 15
15 15 1 15 15 15 15 15 15 15 15 1 15 15 15 15 1 15 15 15 15 15 15 15 15 2 15 15 60 15 15 7 7 15 15 15 15 1 15 15 60 15 15 1 1 15 15 60 60 2 1 60 1 15 15 15 15 60 15 15 2 15 15 14 15 15
16 16 16 16 58 16 16 16 16 74 16 16 16 16 58 74 16 16 16 16 16 16 16 16 58 58 16 16 16 16 16 16 76 16 16 16 16 76 16 16 16 16 16 16 16 16 16 16 16 16 16 16 16 16 16 16 16 16 16 16 16 16 16 16 16 16 16 16 75 16 16 16 16 16 16 75 58 16 16 58 16 16 17 16 16 16 16 16 16 16 16 16 16 16 16 58 16 16 16 16 16 16 16 16 16 16 75 16 16 17 16 16 16 16 58 16 16 16 16 16 16 16 16 16 16 16 16 75 16 16 16 16 16 16 16 16 16 16 17 16 16 16 16 76 16 16 16 16 58 16 16 16 16 16 16 16 16 16 16 76 16 16 16 16 16 16 16 16 16 16 76 16 16 16 16 16 16 75 16 16 16 16 16 16 74 16 16 16 16 16 16 16 16 16 16 16 16 58 16 16 16 16 16 16 16 16 76 16 16 16 16 58 16 16 16 16 58 58 16 16 16 16 17 16 16 16 16 76 74 16 16 16 16 16 16 16 16 17 76 16 16 76 16 16 16 16 16 16 16 16 16 16 16 16 16 16 16 16 16 16 76 16 16 16 16 16 16 16 16 16 16 16 16 16 16 17 16 16 16 16 58 76 16 16 16 16 58 16 16 16 16 16 16 16 16 16 16 17 16 16 16 16 58 16 16 16 16 16 16 75 16 16 16 16 16 16 16 16
17 17 17 17 17 17 17 17 22 17 17 17 17 17 17 17 17 76 76 17 17 17 17 17 17 17 17 17 17 17 17 17 17 17 17 17 17 18 17 17 17 17 17 17 76 17 17 17 17 17 17 17 17 22 17 17 17 17 22 17 17 17 17 17 17 17 17 17 17 17 17 18 22 17 17 76 17 17 17 17 17 17 17 17 17 17 17 17 17 17 17 17 17 17 17 17 17 17 17 17 16 17 17 17 17 17 17 18 17 17 17 17 18 17 17 17 17 18 81 17 17 22 17 17 17 17 17 17 17 17 81 17 17 17 17 21 17 17 17 17 17 17 17 17 17 17 17 17 17 17 18 17 17 17 17 16 76 17 17 17 17 17 17 17 17 17 17 17 17 17 17 17 17 17 17 17 17 17 17 17 17 76 18 76 17 17 17 17 17 17 22 17 17 17 17 17 17 17 17 17 17 17 17 17 17 17 17 17 17 76 17 17 17 17 16 17 17 17 17 17 17 17 17 17 17 17 17 17 17 17 17 17 17 17 17 22 76 17 17 17 17 17 17 17 17 17 17 17 17 21 17 17 17 17 18 17 17 17 17 17 17 17 17 17 17 17 17 18 17 17 17 17 17 17 16 76 17 17 17 17 17 17 21 17 17 16 17 17 76 17 17 17 17 17 17 17 17 17 17 17 17 17 17 17 17 17 17 17 17 76 17 17 17 17 79 17 17 17 17 17 17 17 17 76 17 17 17 17 17 17 16 17 17 76 17 17 17 17 17 17 76 17 17 17 17 17 17 17 17 17 17 17 17 17 17 17 17 18 17 17 76 17 17 16 17 17 17 17 17 17 17 17 17 17 17 17 17 17 17 17 76 76 17 17
18 18 18 18 18 18 19 18 18 17 77 76 18 18 19 17 18 18 18 18 17 17 17 13 17 18 18 17 18 18 18 18 18 18 19 18 18 19 18 18 18 18 19 18 18 18 18 21 21 19 19 17 18 18 17 18 18 18 18 19 13 18 18 18 18 18 18 18 18 18 18 18 18 17 18 18 21 13 18 18 18 18
19 19 20 77 19 19 19 19 19 19 13 19 19 18 19 19 20 18 19 19 20 19 19 19 19 77 19 19 19 19 19 19 19 19 19 19 20 19 19 19 19 77 19 19 18 18 77 19 19 18 19 19 77 18 18 20 19 19 77 19 19 18 13 19 19 19 19 19 19 77 13 19 19 13 19 19
20 20 13 19 20 20 20 20 20 20 20 20 20 20 20 20 34 97 19 20 20 13 20 20 20 20 77 20 20 19 20 20 13 34 20 20 20 20 20 20 78 97 20 20 13 20 20 98 78 20 20 20 20 20 20 34 20 20 20 20 77 20 20 20 20 19 97 20 20 20 20 20 20 13 20 20 13 20 20 20 20 20 20 20 20 13 97 98 20 20 20 20 20 20 20 20 20 20 20 20 20 20 20 20 20 20 98 20 20 20 20 97 19 20 20 20 20 78 78 20 20 20 20 20 20 77 20 20 98 20 20 78 20 20 20 20 78 20 20 20 20 78 20 20 20 20 20 20 97 20 20 20 20 20 20 20 20 20 20 34 20 20 13 13 20 20 20 20 20 20 98 20 20 20 20 20 20 20 20
21 21 77 21 21 21 21 21 21 77 84 21 21 21 21 21 21 23 21 21 22 17 21 21 77 21 21 21 21 23 21 21 21 21 21 21 23 77 22 21 21 21 21 21 21 21 21 21 21 77 22 21 21 84 21 21 18 17 18 21 21 23 23 22 17 77 77 23 21 21 22 21 21 21 21 21 21 21 21 21 21 22 21 21 22 22 18 77 77 21 21 21 21
17 22 22 22 22 22 22 22 22 22 22 22 22 22 22 22 22 22 22 22 22 22 22 17 22 22 17 22 22 22 22 23 22 22 22 22 22 22 23 22 22 22 22 23 22 22 22 22 17 22 22 22 22 22 22 22 22 22 22 22 22 22 22 23 22 22 22 22 22 22 22 22 22 22 22 22 22 22 22 22 22 22 22 22 22 22 17 22 22 22 22 21 22 22 22 22 22 22 79 22 22 22 22 22 22 22 22 22 22 17 22 22 21 79 22 22 22 22 22 22 79 17 21 22 22 22 22 22 22 22 22 22 22 22 22 22 22 22 22 22 22 21 22 22 22 22 79 22 22 23 79 22 22 22 22 22 22 22 22 22 22 22 22 23 79 21 22 22 22 22 22 22 22 22 22 22 22 22 22 22 22 22 22 22 22 22 22 22 21 21 21 22 22 79 23 22 22 22 22 22 22
23 23 79 23 23 23 23 23 23 23 23 23 23 23 23 23 23 23 23 79 23 23 23 23 23 23 22 23 23 23 23 23 23 22 23 23 23 23 22 84 23 23 79 23 23 22 23 23 79 23 23 21 23 23 23 23 84 23 23 23 23 23 23 23 23 23 23 84 23 23 23 23 23 23 84 23 23 23 23 23 23 21 23 23 23 23 21 84 23 23 23 23 25 84 23 23 23 23 23 23 23 23 23 23 79 23 23 21 84 23 23 21 84 84 79 22 23 23 23 23 23 23 23 23 23 23 23 23 79 23 23 25 23 23 84 21 23 23 22 23 23 23 23 23 23 23 23 23 23 84 23 23 23 23 23 23 23 23 23 23 23 23 23 23 23 23 23 23 23 23 23 23 23 23 23 23 23 23 22 23 23 23 23 23 23
24 24 25 81 24 24 24 24 24 24 24 24 80 24 24 24 24 24 24 24 24 24 24 24 24 80 25 26 24 24 25 26 115 24 24 25 24 24 24 24 24 24 24 24 29 24 24 24 24 24 24 24 24 82 24 24 24 24 24 24 25 81 24 24 24 24 115 26 24 24 24 24 29 81 24 24 24 24 24 24 24 24 24 24 80 81 24 24 24 24 24 24 24 24 24 24 24 24 25 24 24 24 24 81 24 24 24 24 24 24 80 24 24 24 24 24 24 24 24 24 24 24 24 24 24 24 24 24 24 24 24 24 24 24 24 24 24 24 24 24 24 25 24 24 26 24 24 24 24 26 25 25
79 24 25 25 25 25 25 25 25 25 25 25 79 25 25 25 25 25 25 25 25 25 25 25 25 24 26 25 25 24 26 25 25 24 79 25 25 79 25 25 25 25 25 25 79 26 25 25 79 79 25 25 25 25 26 24 25 25 79 25 25 25 25 26 25 25 25 25 25 25 26 26 25 25 25 25 26 25 25 25 25 25 25 25 25 25 25 23 25 25 79 25 25 25 25 25 25 25 25 25 25 25 25 25 25 25 25 25 25 25 25 25 25 25 25 25 25 25 25 25 25 24 26 25 25 25 25 25 25 26 26 25 25 25 25 25 25 26 25 25 25 25 25 25 25 25 25 25 25 25 25 25 25 25 25 25 23 84 26 84 25 25 25 25 25 25 24 25 25 25 25 25 25 25 25 25 25 79 25 25 25 25 25 25 24 25 25 25 25 80 24
26 26 26 26 26 26 82 84 26 26 26 26 26 26 26 26 26 26 26 26 26 26 83 26 26 26 26 26 26 25 26 26 26 26 24 26 26 82 25 24 26 26 26 26 26 26 26 26 82 26 26 26 26 83 26 26 26 26 26 26 26 26 26 26 25 26 26 82 82 84 82 26 26 26 26 26 26 26 26 25 26 26 26 26 25 26 26 26 26 25 24 82 26 26 25 26 26 26 26 25 82 26 26 26 26 26 26 26 26 26 26 26 26 82 26 26 26 26 26 26 26 26 26 26 26 26 26 26 26 26 82 26 26 26 26 26 26 26 26 26 26 26 26 26 26 26 26 26 26 26 26 26 26 26 26 26 26 26 26 82 26 26 26 26 26 26 25 26 26 26 26 26 26 25 25 26 26 83 26 26 25 26 26 26 26 26 26 28 28 26 26 26 26 82 26 26 83 26 26 26 26 28 28 26 26 28 26 26 26 26 26 26 26 26 26 26 26 26 25 84 26 26 26 26 26 26 26 26 26 26 28 26 26 26 26 26 26 26 26 26 26 26 26 26 26 26 26 26 26 26 26 83 24 26 26 26 26 82 26 26 24 26 26 26 26 82 82 26 26
27 27 83 27 27 27 27 27 27 27 27 27 27 27 27 97 91 27 27 27 27 27 27 27 27 28 27 27 96 28 27 27 27 27 85 27 27 27 27 27 27 86 91 27 27 27 27 27 27 85 86 27 27 27 27 27 27 86 96 27 27 27 27 27 27 78 27 27 27 27 78 86 27 27 27 27 27 27 27 27 28 85 86 91 84 27 27 91 27 27 27 27 27 27 27 27 27 27 85 27 27 27 27 27 27 27 27 85 27 27 27 27 27 27 27 27 91 28 27 27 27 27 27 27 27 27 85 28 27 27 27 27 27 27 27 27 86 27 27 27 27 27 27 27 27 27 27 91 27 27 27 27 85 85 27 27 28 28 85 27 27 27 27 27 27 83 27 27 27 27 28 27 27 27 27 27 27 28 27 27 27 27 28 27 27 27 27 27 27 27 27 27 27 27 27 27 27 27 27 27 27 27 27 27 27 96 27 27 78 83 27 27 27 27
28 28 28 28 28 28 28 28 3 28 28 28 28 87 28 28 28 28 28 28 28 28 28 28 28 28 86 31 31 28 28 28 28 27 28 28 28 28 82 27 30 28 28 86 28 28 28 28 28 28 30 28 28 28 28 28 28 28 28 28 28 28 28 28 28 28 28 28 28 28 28 28 28 82 28 28 27 28 28 28 28 28 28 83 28 28 28 28 28 28 31 28 28 28 28 28 28 28 28 82 28 28 28 28 28 28 28 28 28 28 27 28 28 28 28 28 28 28 28 28 28 28 28 87 27 82 28 28 3 28 28 28 28 83 28 28 28 28 28 28 28 28 31 28 28 31 87 28 28 28 28 27 27 82 26 26 28 28 28 28 28 28 3 28 28 26 26 87 26 86 27 28 28 28 28 28 28 27 28 28 28 28 28 28 83 27 26 28 28 28 28 28 28 28 28 28 28 28 28 3 28 28 28 28 28 28 28 28 3 28 28 3 30 28 28 28 28 28 28 28 28 3
29 29 87 29 29 115 29 29 87 88 29 29 24 3 29 29 88 88 29 29 87 3 24 29 29 87 113 88 29 29 29 29 3 82 113 29 29 29 29 88 29 29 29 29 29 29 88 29 29 29 29 29 29 29 29 82 3
30 30 88 30 30 88 30 30 31 30 30 30 30 30 30 31 30 30 30 30 30 30 30 30 28 30 30 30 30 89 30 30 30 30 30 30 3 30 30 28 30 30 3 30 30 3 88 90 3 3 30 30 90 31 30 30 30 30 30 30 30 30 90 30 30 30 30 31 30 30 30 30 30 30 88 30 30 30 30 30 30 88 90 30 30 88 88 30 30 30 30 30 30 30 30 30 30 30 30 30 30 30 30 90 90 30 30 30 30 88 30 30 88 30 30 30 30 30 30 31 30 30 31 30 30 30 30 30 30 3 30 30 28 30 30 3 31 30 30
31 31 31 31 30 31 31 86 86 86 31 31 28 91 28 30 31 31 31 31 31 31 31 31 31 31 32 91 86 30 31 31 31 31 31 31 31 31 30 28 31 31 31 31 31 31 86 90 31 31 31 31 28 28 91 31 31 31 31 31 31 86 31 31 30 31 31 90 31 31 30 31 31 31 31 31 31 32 30
32 32 32 32 32 32 32 32 32 32 32 32 32 32 32 32 32 32 111 92 32 32 32 32 32 32 32 32 91 32 32 32 32 32 32 111 32 32 32 32 32 32 32 32 32 32 32 32 32 32 32 32 32 32 32 32 31 32 32 32 32 32 32 32 32 111 32 32 32 32 32 32 32 32 32 32 32 32 32 32 93 91 111 32 32 32 32 92 90 32 32 32 32 32 32 32 32 32 32 90 32 32 111 32 32 32 32 32 32 32 32 111 91 32 32 32 32 32 32 32 32 92 92 32 32 32 32 91 93 111 93 90 32 32 32 32 90 32 32 92 111 91 90 32 32 93 32 32 32 32 111 32 32 32 32 32 32 111 111 32 32 92 32 32 32 32 31 90 32 32 32 32
93 91 95 93 33 33 91 96 33 33 33 33 33 33 94 33 33 33 33 33 33 33 33 92 33 33 95 33 33 33 33 33 33 95 93 93 33 33 94 33 33 33 33 33 33 95 33 33 91 93 33 33 33 33 94 33 33 33 33 91 33 33 33 33 93 33 33 33 33 33 33 33 33 33 33 93 33 33 33 33 93 33 33 91 96 33 33 93 33 33 33 33 33 33 33 33 33 33 33 33 95 92 95 93 94
13 34 34 34 34 72 34 34 34 34 20 98 34 34 13 34 34 34 34 13 34 34 20 71 34 34 34 34 98 71 34 34 13 34 34 13 98 20 98 34 34 34 34 34 34 34 34 34 34 34 34 71 34 34 98 71 34 34 34 34 34 34 98 98 98 34 34 34 34 34 34 34 34 34 34 34 34 34 34 98 34 34 98 72 34 34 34 34 34 34 13 71 98 34 34 72 34 34 34 34 20 34 34 34 34 34 34 72 34 34 71 34 34 34 34 34 34 34 34 34 34 34 34 34 34 72 13
35 35 126 35 35 35 35 35 35 35 35 35 35 35 35 35 35 126 35 35 35 35 35 35 35 35 35 35 35 35 35 35 35 35 35 35 35 35 35 35 35 35 125 35 35 35 35 35 35 35 35 35 35 35 35 35 35 35 35 35 35 35 35 136 35 35 35 35 103 47 35 35 35 35 35 35 35 35 35 35 35 35 35 35 125 35 35 35 35 35 35 35 35 35 35 35 35 35 35 35 35 35 35 35 35 35 35 35 35 35 35 139 35 35 35 35 35 35 35 35 35 35 35 35 35 35 35 35 125 35 35 35 35 35 35 35 35 47 102 35 35 136 35 35 35 35 35 35 35 35 35 35 137 35 35 35 35 35 35 35 35 35 35 35 35 35 35 35 35 35 35 35 35 35 35 35 35 35 35 35 35 104 35 35 104 35 35 35 35 35 35 35 35 35 35 35 35 35 35 35 35 35 35 46 102 126 35 35 35 35 35 35 35 35 35 35 35 35 35 35 35 35 35 35 35 35 35 35 104 104 35 35 46 35 35 46 35 35 126 35 35 47 104 35 35 35 35 35 35 35 35 125 126 35 35 137 35 35 126 35 35 47 103 35 35 103 125 35 35 136 35 35 136 35 35 35 35 102 35 35 35 35 35 35 35 35 35 35 35 35 136 99 35 35 35 35 35 35 35 35 35 35 35 35 47 46 35 35 136 104 35 35 35 35 35 35 35 35 35 35 35 35 35 35 102 35 35 35 35 35 35 35 35 35 35 35 35 35 35 35 35 137 35 35 35 35 35 35 35 35 35 35 35 35 35 35 35 35 35 35 99 35 35 35 35 35 35 35 35 35 35 35 35 35 35 35 35 35 35 35 35 35 35 136 102 35 35 35 35 35 35 35 35 35 35 47 102 35 35 35 35 35 35 35 35 35 35 139 35 35 35 35 102 35 35 46 126 46 125 35 35 35 35 35 35 99 104 102 102 35 35 125 35 35 35 35 35 35 46 35 35 139 35 35 35 35 35 35 35 35 35 35 35 35 35 35 35 35 102 47 35 35 35 35 35 35 46 103 35 35 35 35 35 35 35 35 35 35 35 35 35 35 35 35 35 35 103 35 35 99 103 136 35 35 35 35 35 35 35 35 35 35 35 35 35 35 103 35 35 35 35 35 35 35 35 35 35 35 35 35 35 35 35 35 35 35 35 126 35 35 35 35 35 35 35 35 35 35 35 35 104 35 35 99 35 35 35 35
36 36 36 36 36 36 108 36 36 90 107 90 111 36 36 36 36 36 36 90 36 36 108 36 36 36 36 36 36 36 36 90 36 36 36 36 111 107 36 36 36 36 36 36 36 36 36 36 111 36 36 107 116 36 36 107 36 36 36 36 112 116 36 36 36 36 36 36 36 36 112 112 36 36 116 90 36 36 112 107 111 36 36 112 36 36 36 36 36 36 111 36 36 111 36 36 112 90 36 36 36 36 90 36 36 36 36 36 36 107 36 36 116 36 36 36 36 36 36 36 36 36 36 116
37 37 40 37 37 37 37 37 37 37 37 37 37 116 37 37 37 37 37 37 114 37 37 37 37 37 37 38 116 37 37 118 38 37 37 37 37 37 37 37 37 37 37 40 38 37 37 37 37 37 37 37 37 37 37 37 37 38 115 37 37 114 112 37 37 37 37 37 37 37 37 116 37 37 37 37 37 37 116 118 37 37 37 37 37 37 37 37 38 37 37 37 37 37 37 37 37 115 37 37 114 116 37 37 38 37 37 40 37 37 114 40 115 37 37 37 37 37 37 118 37 37 37 37 37 37 37 37 37 37 37 37 37 37 118 112 37 37 38 37 37 37 37 37 37 37 37 116 37 37 37 37 37 37 37 37 37 37 37 37 37 37 37 37 118 37 37 37 37 37 37 37 37 38 37 37 37 37 37 37 37 37 37 37 37 37 37 37 37 37 37 37 37 37 37 37 37 37 114 37 37 37 37 116 118 118 37 37 37 37 37 37 37 37 116 112 37 37 37 37 37 37 37 37 37 37 37 37 37 37 37 37 115 37 37 38 118 116 40 37 37 37 37 37 37 37 37 116 37 37 116 37 37 37 37 37 37 37 37 37 37 37 37 38 37 37 116 37 37 37 37 114 37 37 37 37 115 37 37 112 37 37 37 37 37 37 37 37 37 37 37 37 37 37 37 37 37 37 37 37 37 37 37 37 38 37 37 38 37 37 37 37 37 37 37 37 37 37 37 37 37 37 37 37 115 115 37 37 38 37 37 37 37 37 37 116 112 37 37 37 37 40 37 37 37 37 37 37 37 37 37 37 37 37 37 37 40 37 37 37 37 37 37 37 37 37 37 37 37 37 37 37 37 37 37 37 37 37 37 37 37 118 37 37 37 37
38 38 38 38 38 38 38 38 38 38 38 38 38 38 119 37 38 38 37 38 38 37 38 38 38 38 38 38 38 38 38 38 37 40 38 38 38 38 119 37 38 38 119 38 38 37 38 38 40 38 38 38 38 119 38 38 38 38 39 38 38 115 115 38 38 37 38 38 115 38 38 38 38 38 38 40 38 38 38 38 38 38 38 38 38 38 38 38 38 38 37 38 38 38 38 38 38 115 38 38 38 38 38 38 115 38 38 38 38 37 38 38 119 38 38 38 38 38 38 38 38 38 38 38 38 37 38 38 38 38 37 37 38 38 38 38 38 38 119 38 38 115 37 38 38 38 38 40 38 38 40 119 38 38 38 38 38 38 38 38 115 38 38 38 38 115 38 38 38 38 38 38 38 38
39 39 39 39 40 39 39 40 39 39 39 39 39 39 39 39 128 39 39 39 39 39 39 40 39 39 39 39 121 39 39 39 39 39 39 39 39 39 39 39 39 39 39 39 39 39 39 39 39 39 39 39 39 128 39 39 40 39 39 39 39 39 39 40 39 39 120 39 39 39 39 39 39 119 39 39 39 39 123 39 39 119 38 39 39 39 39 39 39 39 39 39 39 39 39 39 39 39 39 39 39 39 39 39 39 39 39 39 39 39 39 39 39 40 39 39 39 39 123 39 39 39 39 39 39 39 39 39 39 115 120 39 39 39 39 39 39 39 39 39 39 40 39 39 39 39 119 39 39 39 39 39 39 39 39 39 39 40 39 39 40 39 39 39 39 39 39 39 39 39 39 39 39 39 39 39 39 39 39 39 39 39 39 119 151 120 39 39 39 39 39 39 39 39 39 39 39 39 40 115 39 39 120 40 39 39 39 39 39 39 39 39 39 39 120 39 39 39 39 39 39 39 39 39 39 39 39 39 39 120 39 39 39 39 39 39 39 39 39 39 39 39 39 39 39 39 39 39 40 120 39 39 39 39 39 39 39 39 39 39 39 39 39 39 39 39 40 120 39 39 39 39 39 39 39 39 39 39 39 39 40 39 39 39 39 39 39 39 39 39 39 39 39 39 39 39 39 40 39 39 39 39 39 39 39 39 39 39 40 39 39 39 39 39 39 39 39 39 39 39 39 39 39 39 39 39 39 39 39 120 39 39 39 39 39 39 39 39 39 39 39 39 39 39 39 39 39 39 39 39 39 39 39 39 39 39 39 39
37 39 39 40 40 39 40 40 40 40 40 40 40 40 37 121 119 40 40 121 40 40 40 40 38 39 121 40 40 40 40 39 40 40 40 40 40 40 40 40 40 40 40 40 40 40 40 40 40 40 40 40 38 37 121 37 40 40 119 40 40 40 40 39 40 40 40 40 121 40 40 118 40 40 119 40 40 38 40 40 119 40 40 40 40 40 40 39 40 40 40 40 118 40 40 40 40 40 40 39 40 40 39 40 40 40 40 40 40 40 40 40 40 40 40 40 40 40 40 40 40 118 37 39 40 40 118 39 40 40 40 40 40 40 40 40 40 40 119 40 40 40 40 119 40 40 40 40 40 40 39 39 40 40 40 40 40 40 39 40 40 40 40 40 40 39 40 40 40 40 40 40 39 38 121 37 40 40 40 40 40 40 40 40 40 40 40 40 38 37 40 40 40 40 40 40 40 40 40 40 40 40 40 40 40 40
41 41 41 41 41 41 41 41 41 41 121 41 41 121 41 41 41 41 41 41 120 41 41 41 41 123 120 41 41 122 41 41 41 41 41 41 121 41 41 41 41 41 41 120 123 41 41 122 120 41 41 41 41 120 41 41 41 41 41 41 41 41 123 122 41 41 123 41 41 41 41 41 41 122 41 41 41 41 41 41 121 41 41 41 41 41 41 41 41 120 123 41 41 122 41 41 41 41 41 41 41 41 122 120 123 123 41 41 41 41 123 41 41 120 41 41 41 41 123 41 41 41 41
42 42 42 42 106 42 42 42 42 124 123 42 42 42 42 104 42 42 117 42 42 42 42 123 124 42 42 42 42 42 42 42 42 123 42 42 125 42 42 42 42 42 42 124 42 42 42 42 117 42 42 42 42 42 42 117 42 42 42 42 42 42 125 42 42 42 42 42 42 42 42 42 42 117 42 42 42 42 42 42 42 42 42 42 125 42 42 125 42 42 106 42 42 123 42 42 42 42 106 125 42 42 42 42 42 42 42 42 42 42 123 123 42 42 42 42 42 42 42 42 42 42 42 42 42 42 42 42 42 42 42 42 42 42 42 42 42 42 42 42 124 42 42 42 42 42 42 106 106 117 42 42 106 123 42 42 42 42 123 104 117 117 42 42 42 42 106 42 42 42 42 42 42 117 42 42 42 42 42 42 42 42 42 42 42 42 42 42 125 42 42 42 42 42 42 42 42 117 106 104 42 42
43 43 43 43 43 43 43 43 47 46 46 45 43 43 43 43 43 43 43 43 43 43 133 43 43 43 43 43 43 45 47 43 43 43 43 133 43 43 130 43 43 43 43 133 130 43 43 43 43 46 43 43 43 43 43 43 45 43 43 46 46 43 43 43 43 43 43 47 43 43 43 43 130 45 43 43 47 43 43 43 43 43 43 43 43 43 43 47 43 43 43 43 135 43 43 43 43 135 43 43 45 43 43 43 43 43 43 43 43 46 43 43 46 43 43 47 43 43 45 45 133 43 43 46 133 43 43 43 43 45 43 43 47 130 43 43 43 43 47 47 43 43
44 44 54 44 44 44 44 44 44 44 44 44 44 44 44 44 44 44 44 44 44 151 44 44 44 44 54 54 44 44 44 44 44 44 151 132 132 132 44 44 132 132 132 132 151 44 44 44 44 44 44 44 44 44 44 151 44 44 132 44 44 44 44 151 132 44 44 44 44 132 151 44 44 54 44 44
45 45 45 45 132 54 45 45 133 45 45 45 45 43 45 45 45 45 134 45 45 45 45 45 45 134 135 52 45 45 45 45 43 45 45 45 45 132 45 45 45 45 45 45 45 45 54 54 135 45 45 45 45 45 45 45 45 45 45 45 45 45 45 54 45 45 45 45 43 45 45 45 45 45 45 134 45 45 45 45 45 45 45 45 45 45 43 45 45 45 45 45 45 133 45 45 45 45 45 45 45 45 45 45 45 45 133 133 45 45 45 45 45 45 134 45 45 45 45 45 45 45 45 45 45 45 45 45 45 134 45 45 45 45 45 45 45 45 45 45 45 45 135 45 45 45 45 45 45 43 45 45 45 45 45 45 45 45 45 45 133 45 45 45 45 45 45 135 45 45 43 45 45 45 45 45 45 52 45 45 43 45 45 45 45 43 45 45 45 45 132 45 45 45 45 52 45 45 45 45 45 45 54 45 45 45 45 52 45 45 54 45 45 45 45 45 45 54 135 45 45
46 46 46 46 135 136 43 43 47 135 46 46 46 46 46 46 46 46 46 46 46 46 46 46 46 46 46 46 46 46 46 46 46 46 46 46 136 46 46 136 46 46 135 43 46 46 46 46 46 46 46 46 46 46 46 46 135 135 47 46 46 35 46 46 43 43 135 46 46 46 46 136 46 46 46 46 46 46 46 46 35 46 46 35 46 46 46 46 46 46 46 46 144 46 46 46 46 46 46 46 46 46 46 46 46 46 46 35 46 46 136 46 46 46 46 46 46 46 46 144 47 46 46 46 46 46 46 46 46 46 46 47 46 46 46 46 46 46 46 46 135 43 43 46 46 46 46 136 46 46 35 35 43 46 46 35 46 46 46 46 46 46 46 46 35 46 46 135 46 46 46 46 46 46 46 46 47 136 46 46 46 46 46 46 46 46 46 46
47 47 130 43 47 47 47 47 47 47 47 47 47 47 47 47 47 47 46 129 47 47 47 47 47 47 47 47 47 47 47 47 47 47 47 47 47 47 35 127 47 47 47 47 47 47 47 47 47 47 127 47 47 47 47 129 47 47 47 47 43 47 47 124 47 47 124 47 47 35 47 47 129 47 47 47 47 47 47 47 47 127 47 47 47 47 47 47 47 47 47 47 47 47 47 47 47 47 47 47 47 47 46 47 47 47 47 47 47 47 47 47 47 124 47 47 47 47 129 43 47 47 124 47 47 47 47 124 47 47 47 47 47 47 35 43 47 47 47 47 47 47 124 47 47 47 47 47 47 35 47 47 47 47 47 47 129 47 47 47 47 47 47 124 129 47 47 47 47 47 47 43 47 47 47 47 47 47 47 47 47 47 47 47 47 47 47 47 35 47 47 47 47 47 47 129 47 47 47 47 47 47 47 47 126 47 47 47 47 47 47 46 47 47 47 47 130 47 47 124 47 47 47 47 47 47 47 47 47 47 47 47 47 47 46 47 47 130 47 47 47 47 47 47 124 47 47 47 47 47 47 43 47 47 35 47 47 47 47 127 47 47 47 47 47 47 47 47 47 47 47 47 47 47 47 47 47 47 47 47 47 47 35 124 47 47 47 47 47 47 43 47 47 47 47 47 47 47 47 126 47 47 47 47 43 46 47 47 124 47 47 43 47 47 47 47 47 47 47 47 47 47
138 48 48 138 48 48 48 48 49 49 48 48 142 48 48 48 48 138 144 142 48 48 142 48 48 48 48 144 48 48 138 139 49 48 48 144 48 48 48 48 141 48 48 141 48 48 48 48 141 48 48 48 48 142 48 48 48 48 48 48 48 48 48 48 48 48 49 138 139 138 48 48 49 48 48 48 48 48 48 48 48 138 142 49 48 48 49 142 48 48 48 48 138
68 49 49 49 49 49 49 49 49 49 49 49 49 4 49 49 49 49 49 49 49 49 48 143 48 49 49 49 49 68 142 49 49 49 49 144 49 49 49 49 49 49 49 49 49 49 4 49 49 49 49 49 49 49 49 49 49 4 49 49 142 49 49 68 48 49 49 49 49 49 49 49 49 49 49 49 49 49 49 4 49 49 49 49 49 49 143 49 49 49 49 49 49 4 142 68 4 49 49 49 49 49 49 49 49 49 49 49 49 144 49 49 48 49 49 143 68 49 49 49 49 68 49 49 48 143 49 49 4 49 49 48 49 49 142 49 49 48 49 49 49 49 49 49 142 49 49 49 49 49 49 49 49 68
50 50 5 50 50 50 50 5 50 50 50 50 50 50 50 50 50 50 145 50 50 147 50 50 50 50 50 50 50 50 50 50 50 50 50 50 50 50 50 50 50 50 50 50 50 50 50 50 50 50 4 5 50 50 147 50 50 50 50 50 50 50 50 5 50 50 50 50 147 64 50 50 5 64 50 50 50 50 50 50 50 50 50 50 50 50 50 50 50 50 50 50 50 50 50 50 50 50 50 50 50 50 64 50 50 50 50 50 50 50 50 4 50 50 50 50 50 50 50 50 50 50 4 50 50 50 50 64 50 50 5 50 50 5 50 50 50 50 50 50 64 64 50 50 4 147 50 50 147 50 50 50 50 50 50 50 50 50 50 64 64 50 50 50 50 50 50 50 50 50 50 50 50 50 50 64 50 50 50 50 50 50 64 50 50 148 50 50 50 50 50 50 50 50 64 50 50 50 50 50 50 50 50 5 50 50 50 50 50 50 50 50 5 5 147 148 5 5 50 50 145 50 50 147 50 50 50 50 50 50 50 50 4 148 4 50 50 64 147 50 50 50 50 50 50 64 50 50 50 50 5 50 50 50 50 50 50 50 50 50 50 50 50 147 50 50 50 50 50 50 50 50 4 50 50 50 50 50 50 50 50 64 50 50 50 50 50 50 50 50
51 51 51 51 56 51 51 51 51 51 51 150 146 51 51 51 51 51 51 51 51 52 149 147 51 51 51 51 149 52 51 51 51 51 51 51 51 51 51 51 56 51 51 51 51 146 51 51 146 51 51 51 51 51 51 51 51 51 51 51 51 51 51 146 51 51 51 51 53 51 51 146 51 51 56 51 51 51 51 51 51 146 51 51 51 51 51 51 51 51 53 150 51 51 53 51 51 51 51 51 51 51 51 146 56 51 51 51 51 149 51 51 51 51 150 149 51 51 51 51 146 149 51 51 51 51 53 51 51 51 51 51 51 51 51 51 51 51 51 51 51 149 149 146 51 51 56 51 51 52 51 51 51 51 51 51 51 51 51 51 149 51 51 53 51 51 51 51 51 51 51 51 51 51
134 52 52 52 52 146 52 52 53 52 52 54 52 52 52 52 51 54 134 52 52 52 52 51 134 52 52 53 45 52 52 52 52 52 52 52 52 52 52 52 52 52 52 52 52 52 52 53 52 52 146 52 52 52 52 53 134 52 52 134 53 52 52 52 52 52 52 52 52 52 52 53 52 52 52 52 52 52 52 52 52 52 146 134 53 52 52 52 52 52 52 134 134 52 52 134 52 52 54 145 146 134 52 52 52 52 52 52 52 52 52 52 45 52 52 51 52 52 54 45 52 52 52 52 45 52 52 146 53 53
56 53 53 53 53 53 53 52 53 53 53 53 53 53 53 53 53 53 53 53 53 53 52 54 53 53 53 53 56 52 53 53 53 53 53 53 52 51 53 53 53 53 53 53 53 53 52 55 54 53 53 53 53 52 51 53 53 53 53 53 53 56 53 53 51 53 53 53 53 53 53 53 53 53 53 56 53 53 56 53 53 53 53 53 53 52 55 55 56 53 53 53 53 53 53 53 53 53 53 53 53 53 53 53 53 51 53 53 53 53 54 55 54 54 53 53 53 53 53 53 53 53 53 53 53 53 53 53 53 53 51 53 53 55 52 53 53 52 53 53 53 53
54 54 151 44 54 54 45 52 151 54 54 54 54 52 54 54 54 54 54 54 55 55 54 54 53 55 54 54 54 54 151 54 54 45 132 54 54 54 54 54 54 54 54 54 54 45 54 54 45 44 54 54 53 54 54 54 54 44 54 54 132 54 54 54 54 54 54 54 54 54 54 132 54 54 151 151 54 54 54 54 132 54 54 54 54 54 54 54 54 54 54 54 54 54 54 132 54 54 52 54 54 54 54 54 54 53 54 54 54 54 54 54 54 54 54 54 53 54 54 54 54 54 54 151 54 54 53 55 54 54 54 54 54 54 54 54 54 54 54 54 54 54 132 54 54 52 54 54 54 54 45 54 54 54 54 54 54 151 54 54 45 54 54 54 54 45 54 54 54 54 44
55 55 54 56 54 54 55 55 151 152 56 55 55 55 55 53 55 55 55 55 55 55 55 55 53 53 55 55 56 55 55 55 55 55 55 56 53 152 55 55 54 151 152 55 55 53
53 56 56 51 56 56 56 56 56 56 56 56 56 56 56 56 152 56 56 51 56 56 56 56 55 56 56 150 53 155 55 56 56 56 56 56 56 56 56 56 56 150 150 51 56 56 150 56 56 150 56 56 150 56 56 56 56 56 56 53 56 56 152 155 53 155 56 56 56 56 53 152 56 56 56 56 51 56 56 56 56 53 56 56 56 56 56 56 55 152 56 56 55 150 51 56 56 56 56 155 56 56 56 56 56 56 150 152 56 56
57 57 57 57 6 8 63 57 57 6 8 57 57 57 57 6 57 57 61 57 57 57 57 5 57 57 57 57 57 57 57 57 57 57 6 57 57 57 57 57 57 57 57 57 57 61 57 57 57 57 57 57 57 57 57 57 57 57 57 57 57 57 57 57 8 57 57 7 8 7 57 57 57 57 57 57 57 57 61 6 57 57 57 57 57 57 57 57 57 57 57 57 63 57 57 57 57 57 57 9 57 57 57 57 6 57 57 57 57 57 57 57 57 57 57 57 57 57 57 57 57 149 57 57 57 57 57 57 9 61 6 57 57 57 57 57 57 57 57 7 57 57 6 7 57 57 7 57 57 57 57 57 57 57 57 57 57 57 57 57 57 57 57 57 57 57 57 6 57 57 8 6 57 57 148 57 57 7 57 57 57 57 6 57 57 57 57 57 57 6 57 57 57 57 57 57 57 57 57 57 57 57 57 57 57 57 6 8 57 57 57 57 57 57 57 57 57 57 6 61 149 9 57 57 57 57 57 57 7 6 57 57 6 57 57 57 57 57 57 57 57 9 61 57 57 57 57 6 148 57 57 8
16 58 58 58 58 58 58 58 58 58 58 16 58 58 6 58 58 58 58 6 58 58 58 58 16 16 58 58 58 58 58 58 58 58 7 58 58 58 58 58 58 58 58 58 58 58 58 58 58 58 58 58 58 58 58 58 58 7 58 58 6 58 58 58 58 58 58 58 58 58 58 75 58 58 58 58 7 58 58 58 58 58 58 58 58 58 58 58 58 58 58 58 58 16 16 58 58 58 58 59 58 58 58 58 58 58 58 58 58 58 58 58 16 58 58 58 58 58 58 6 58 58 58 58 58 58 58 58 6 58 58 58 58 58 58 58 58 58 58 58 58 58 58 58 58 58 58 58 58 58 58 58 58 16 6 6 58 58 58 58 7 58 58 58 58 58 58 58 58 59 58 58 58 58 58 58 75 6 58 58 58 58 58 58 58 58 58 58 7 58 58 16 7 6 58 58 58 58 58 58 58 58 58 58 58 58 7 58 58 58 58 58 58 58 58 58 58 58 58 75 58 58 58 58 58 58 58 58 58 58 58 58 58 58 58 58 58 58 58 58 58 58 58 58 58 58 58 58 16 58 58 58 58 58 58 59 59 58 58 58 58 58 58 58 58 58 58 58 58 58 58 58 58 58 58 16 58 58 58 58 58 58 16 16 58 58 58 58 58 58 58 58 58 58 58 58 58 58 58 58 58 58 58 58 58 58 7 58 58 58 58 6 6 58 58 59 58 58 58 58 58 58 58 58 58 58 58 58 58 58 58 58 58 58 58 58 7 58 58 58 58 6 58 58 58 58 58 58 7 58 58 6 58 58 58 58 58 58 58 58 58 58 58 58 58 58 58 58 58 58 6 58 58 16 58 58 58 58 59 58 58 6 58 58 58 58 58 58 7 58 58 16 59 58 58 58 58 58 58 58 58 58 58 58 58 58 58 58 58 58 58 16 58 58 75 58 58 7 58 58 58 58 58 58 7
59 59 7 75 59 59 59 59 59 59 75 59 59 60 75 59 59 59 59 59 59 59 59 59 59 58 59 59 59 59 59 59 7 59 59 60 58 59 59 59 59 59 59 60 59 59 58 58 59 59 58 7 75 60 59 59 59 59 60 59 59 59 59 58 59 59 59 59 60 58 59 59 60
60 60 60 60 60 60 60 60 74 7 60 60 60 60 60 60 74 60 60 59 60 60 60 60 60 60 60 60 60 60 60 60 60 60 60 60 60 60 60 60 60 60 75 60 60 60 60 59 60 60 60 60 15 60 60 14 60 60 75 14 60 60 60 60 14 60 60 60 60 59 15 60 60 60 60 60 60 60 60 60 60 60 60 75 60 60 15 15 60 60 60 60 60 60 14 60 60 15 59 60 60 60 60 14 59 74 15 59 14 60 60 60 60 60 60 60 60 59 60 60
62 63 57 61 61 61 61 8 8 61 61 57 61 61 8 62 61 61 62 8 63 61 61 63 61 61 57 62 61 61 61 61 61 61 8 61 61 63 61 61 61 61 61 61 61 61 57 62 61 61 61 61 61 61 61 61 61 61 61 61 63 61 61 61 61 61 61 61 61 61 61 8 61 61 61 61 61 61 61 61 61 61 61 61 57 61 61 61 61 63 61 61 61 61 62 61 61 62 57 61 61
62 62 61 62 62 11 8 10 62 62 10 62 62 62 62 62 62 1 1 10 62 62 62 62 62 62 61 62 62 61 61 62 62 62 62 62 62 63 62 62 62 62 62 62 62 62 8 62 62 10 62 62 62 62 62 62 10 62 62 8 61 63 1 62 62 62 62 62 62 62 62 1 62 62 62 62 11 62 62 62 62 62 62 63 63 62 62 62 62 1 62 62 63 63 62 62 62 62 62 62 62 62 62 62 62 62 62 62 11 62 62 61 62 62 61
63 63 57 61 63 63 9 63 63 9 63 63 63 63 63 63 63 63 10 63 63 61 61 57 63 63 63 63 63 63 62 61 63 63 9 63 63 10 63 63 63 63 62 63 63 63 63 63 63 63 63 63 63 63 63 61 62 62 63 63 9 63 63 62 62 63 63 9 9 63 63 63 63 63 63 63 63 63 63 61 63 63 63 63
9 64 64 64 64 64 64 64 64 64 64 148 64 64 64 64 64 64 64 64 9 64 64 10 65 10 64 64 64 64 4 9 64 64 4 64 64 64 64 64 64 64 64 65 64 64 64 64 64 64 64 64 64 64 64 64 64 64 50 10 64 64 148 64 64 64 64 50 64 64 64 64 64 64 64 64 64 64 50 64 64 64 64 64 64 64 64 64 64 10 64 64 64 64 64 64 64 64 64 64 148 64 64 64 64 64 64 50 64 64 64 64 64 64 10 50 50 64 64 64 64 64 64 64 64 64 64 4 50 50 64 64 64 64 64 64 64 64 64 64 64 64 64 64 64 64 64 64 64 64 64 64 50 64 64 64 64 50 64 64 68 64 64 64 64 50 64 64 64 64 65 64 64 64 64 148 148 64 64 64 64 64 64 4 64 64 64 64 64 64 64 64 64 64 9 65 64 64 9 64 64 68 64 64 64 64 64 64 50 64 64 64 64 64 64 64 64 64 64 64 64 9 50 64 64 9 64 64 64 64 64 64 64 64 64 64 64 64 64 64 64 64 65 64 64 64 64 10 64 64 64 64 64 64 9 64 64 64 64 50 64 64 10
64 68 65 65 64 10 65 65 68 65 65 65 65 1 68 1 65 65 65 65 65 65 65 65 64 65 65 65 65 1 65 65 64 10 65 65 64 1 65 65 10
2 66 66 66 66 66 66 66 66 66 66 66 66 1 66 66 12 66 66 66 66 66 66 72 66 66 66 66 66 66 66 66 66 66 73 66 66 72 66 66 12 66 66 1 66 66 66 66 66 66 66 66 66 66 2 73 66 66 66 66 66 66 66 66 66 66 66 66 2 66 66 66 66 66 66 66 66 66 66 1 66 66 73 66 66 66 66 66 66 72 66 66 66 66 66 66 66 66 66 66 66 66 66 66 66 66 66 66 66 66 73 66 66 66 66 67 66 66 66 66 1 66 66 66 66 66 66 66 66 67 66 66 1 1 66 66 66 66 1 72 70 12 66 66 66 66 66 66 66 66 12 66 66 73 66 66 70 66 66 67 1 66 66 66 66 66 66 66 66 66 66 69 1 73 69 66 66 66 66 66 66 66 66 66 66 66 66 66 66 66 66 66 66 66 66 66 66 2 66 66 66 66 66 66 66 66 66 66 66 66 66 66 66 66 67 66 66 66 66 66 66 66 66 66 66 12 66 66 66 66 66 66 66 66 66 66 12 66 66 66 66 66 66 66 66 66 66 66 66 66 66 66 66 66 66 66 66 66 66 66 66 66 66 66 66 66 66 70 67 66 66 73 66 66 66 66 2 73 66 66 66 66 66 66 66 66 66 66 66 66 2 66 66 67 66 66 2 66 66 66 66 66 66 66 66 66 66 70 66 66 66 66 66 66 66 66 66 66 66 66 66 66 66 66 2 66 66 66 66 66 66 12 66 66 2 66 66 66 66 66 66 66 66 66 66 66 66 66 66 66 66 66 66 73 66 66 66 66 66 66 66 66 73 66 66 66 66 2 66 66 66 66 66 66 66 66 66 66 66 66 66 66 66 66 66 66 66 66 66 66 70 66 66 66 66 12 66 66 1 66 66 66 66 73 66 66 66 66 72 12 73 66 66 66 66 66 66 66 66 66 66 66 66 66 66 66 66
67 67 67 67 67 67 12 67 67 67 67 1 1 67 67 67 67 67 67 66 67 67 68 66 12 67 67 12 68 1 67 67 68 66 68 12 67 67 67 67 67 67 67 67 1 67 67 68 67 67 67 67 67 67 68 67 67 67 67 67 67 66 68 67 67 68 67 67 68 67 67 67 67 67 67 67 67 67 67 67 67 66 12 67 67 1 66 67 67 67 67 1 67 67 67 67 67 67 67 67 67 67 67 67 67 67 67 67 67 67 67 67 67 67 67 67 1 67 67 67 67 67 67 67 67 67 67 67 67 67 67 67 67 67 67 67 67 67 67 67 67 12 12 67 67
49 68 68 68 68 68 68 68 68 68 68 68 68 68 68 68 68 68 68 68 68 68 68 65 68 68 68 68 4 1 68 68 142 68 68 49 4 1 68 68 67 68 68 142 68 68 68 68 68 68 68 68 65 68 68 68 68 68 68 67 68 68 68 68 67 68 68 67 65 142 68 68 68 68 68 68 68 68 142 49 68 68 68 68 68 68 68 68 67 68 68 68 68 68 68 67 67 67 68 68 68 68 67 68 68 68 68 68 68 68 68 68 68 68 68 49 68 68 68 68 142 68 68 68 68 1 68 68 64 4 68 68 68 68 68 68 68 68 68 68 68 68 142 68 68 68 68 4 68 68 49 12 1 64 68 68 68 68 4 49 68 68 68 68 68 68 68 68 68 68 68 68 68 68 68 68 68 68 68 68 68 68 68 68 68 68 68 68 68 68 68 68 68 68 68 68 4 4 68 68 1 68 68 68 68 68 68 49
69 69 69 69 69 69 69 69 69 69 140 69 69 69 69 69 69 69 69 12 69 69 142 69 69 69 69 69 69 69 69 69 69 69 69 69 69 69 69 69 69 69 69 141 69 69 69 69 70 69 69 69 69 69 69 70 69 69 69 69 140 141 69 69 141 69 69 70 12 69 69 142 12 69 69 142 69 69 69 69 70 12 69 69 69 69 141 70 69 69 69 69 69 69 69 69 142 69 69 69 69 69 69 69 69 66 140 69 69 66 12 70 69 69 12 69 69 141 69 69 69 69 69 69 69 69 69 69 69 69 69 69 69 69 69 69 69 69 69 69 69 69 69 69 141 142 69 69 69 69 69 69 69 69 69 69 69 69 141 70 141 69 69 69 69 69 69 69 69 140 69 69 69 69 69 69 70 69 69 69 69 69 69 69 69 69 69 69 69 69 69 70 69 69 69 69 140 69 69 70 12 69 69 69 69 69 69 70 12 69 69 69 69 140 69 69 12 69 69
71 140 71 70 70 70 70 70 70 70 70 70 70 71 72 69 70 70 70 70 100 140 70 70 69 72 70 70 70 70 70 70 70 70 100 70 70 69 71 70 70 70 70 69 66 70 70 69 70 70 70 70 70 70 66 70 70 72 69 70 70 70 70 71 70 70 70 70 70 70 70 70 70 70 70 70 71 70 70 70 70 71 70 70 71 70 70 70 70 70 70 66 70 70 70 70 72 70 70 70 70 70 70 140 70 70 70 70 100 70 70 70 70 69 70 70 70 70 70 70 70 70 71 66 70 70 70 70 70 70 100 70 70 100 71 69 70 70 70 70 70 70 70 70 70 70 140 70 70 69 70 70 70 70 70 70 70 70 66 100 70 70 69 140 70 70 70 70 70 70 70 70 69 70 70 70 70
71 71 71 71 94 70 70 72 71 71 70 71 71 100 71 71 71 71 71 71 95 71 71 71 71 70 34 71 71 71 71 71 71 71 71 34 71 71 71 71 95 71 71 71 71 98 71 71 95 71 71 72 71 71 71 71 70 71 71 71 71 71 71 71 71 70 71 71 34 70 72 34 71 71 100 71 71 71 71 71 71 100 70 95 71 71 71 71 71 71 71 71 72 70 71 71 71 71 71 71 71 71 71 71 34 71 71 70 95 98 71 71 71 71 98 71 71 71 71 72 71 71 71 71 71 71 34 71 71 71 71 71 71 71 71 98 71 71
72 72 72 72 71 72 72 34 66 72 72 72 72 13 66 13 70 72 72 70 66 72 72 72 72 73 66 72 72 72 72 72 72 72 72 72 72 70 71 13 13 72 72 72 72 72 72 71 72 72 72 72 72 72 70 72 72 34 71 72 72 13 72 72 72 72 72 72 34 72 72 73 71 34 72 72 66 72 72 73 34
73 73 13 73 73 73 73 73 73 73 73 14 73 73 73 73 74 66 13 66 66 66 73 73 73 73 73 73 73 73 74 2 73 73 72 74 74 66 73 73 14 66 73 73 73 73 73 73 73 73 73 73 73 73 73 73 73 73 74 73 73 73 73 73 73 73 73 13 2 73 73 73 73 14 73 73 73 73 73 73 66 66 13 74 73 73 73 73 73 73 73 73 73 73 73 73 73 73 73 73 73 73 73 73 73 73 73 73 73 73 73 73 73 73 73 73 66 73 73 66 72 73 73 73 73 73 73 73 73 73 73 73 73 73 73 13 73 73 74 73 73 73 73 73 73 74 66 73 73 66 73 73 72 73 73 73 73 73 73 73 73 13
74 74 13 74 74 74 74 74 74 74 74 74 74 74 74 16 74 74 60 14 74 74 16 14 74 74 74 74 74 74 74 74 74 74 74 74 73 74 74 74 74 14 74 74 74 74 74 74 74 74 74 74 74 74 74 74 60 13 76 74 74 74 74 74 74 74 74 74 74 74 74 75 75 74 74 74 74 74 74 74 74 74 74 74 74 74 74 74 74 73 13 74 74 74 74 74 74 13 74 74 74 74 74 74 74 74 14 13 73 73 74 74 13 74 74 76 75 74 74 74 74 74 74 74 74 74 74 13 74 74 74 74 74 74 76 74 74 13 74 74 74 74 74 74 76 76 74 74 74 74 74 74 74 74 74 74 74 74 74 74 73 74 74 74 74 74 74 74 74 75 74 74 14 76 74 74 74 74 74 74 74 74 74 74 74 74 13 74 74 74 74 16 74 74 74 74 74 74 74 74 74 74 73 74 74 74 74 74 74 74 74 74 74 74 74 74 74 74 74 74 74 74 74 74 74 74 74 74 74 74 74 74 74 74 74 16 74 74 74 74 74 74 74 74 13 74 74 74 74 76 74 74 75 74 74 74 74 74 74 74 74 13 74 74 74 74 74 74 74 74 74 74 74 74 74 74 74 74 74 74 74 74 74 74 74 74 74 74 74 74 74 74 14 74 74 74 74 74 74 74 74 14 74 74 60 74 74 74 74 13 74 74 73 14 13 74 74 74 74 74 74 74 74 74 74 73 74 74 74 74 14 74 74 74 74 74 74 74 74
75 75 59 75 75 75 75 75 75 75 75 59 75 75 75 75 58 75 75 74 59 74 75 75 16 75 75 16 75 75 74 60 16 75 75 75 75 16 58 60 75 75 74 16 58 75 75 75 75 60 75 75 75 75 75 75 75 75 75 75 75 75 74 75 75 59 75 75 75 75 75 75 58 75 75 16 75 75
76 76 76 76 76 76 76 76 76 76 76 76 17 76 76 76 76 17 76 76 76 76 76 76 76 76 76 76 76 76 76 76 13 13 76 76 76 76 76 76 76 76 18 17 76 76 76 76 16 76 76 76 76 76 76 76 76 76 76 76 76 16 13 13 76 76 74 76 76 76 76 76 76 17 76 76 13 76 76 76 76 76 76 76 76 76 76 76 76 13 13 76 76 76 76 76 76 76 76 76 76 76 76 76 76 76 76 76 76 76 76 13 76 76 76 76 74 76 76 76 76 76 76 76 76 76 76 13 76 76 76 76 17 76 76 76 76 76 76 76 76 76 76 76 76 74 76 76 76 76 17 76 76 17 76 76 76 76 76 76 74 74 13 76 76 13 76 76 76 76 17 76 76 76 76 76 76 16 76 76 76 76 16 74 76 76 76 76 76 76 16 76 76 76 76 76 76 76 76 17 76 76 76 76 76 76 76 76 76 76 76 76 76 76 76 76 16 76 76 76 76 76 76 76 76 76 76 76 76 76 76 17 16 76 76 76 76 16 17 74 76 76 13 17 76 76 16 76 76 76 76 17 76 76 16 76 76 76 76 76 76 17 76 76 76 76 17 76 76 76 76 76 76 76 76 16 76 76 76 76 76 76 76 76 17 76 76 76 76 13 17 76 76 17 76 76 76 76 76 76
77 77 21 19 77 77 77 77 78 21 18 78 77 77 77 77 77 77 77 77 77 77 78 20 77 77 77 77 78 19 77 77 77 77 77 77 77 77 20 21 77 77 78 77 77 77 77 78 77 77 21 77 77 19 78 19 77 77 77 77 21 84 77 77 77 77 19 77 77 77 77 78 77 77 78 77 77 77 77 20 77 77 19 77 77 77 77 77 77 21 77 77 21 77 77 77 77 77 77 77 77 77 77 77 77 77 77 77 77 78 19 77 77 77 77 77 77 77 77 77 77 77 77 21 21 77 77 77 77 77 77 77 77 78 77 77 77 77
78 78 78 78 78 78 78 78 78 78 78 78 78 78 97 78 78 77 78 78 78 78 78 78 78 78 77 78 78 78 78 78 78 78 78 77 78 78 78 78 78 78 78 78 78 78 78 78 78 78 78 78 78 78 78 78 97 77 78 78 78 78 20 78 78 78 78 84 85 78 78 84 20 78 78 78 78 27 78 78 27 78 78 78 78 78 78 78 78 78 78 78 78 78 78 85 78 78 77 78 78 78 78 78 78 78 78 78 78 77 78 78 85 78 78 78 78 78 78 77 78 78 85 78 78 78 78 97 78 78 78 78 78 78 78 78 78 78 85 78 78 78 78 78 78 78 78 78 78 78 78 84 78 78 85 77 78 78 78 78 84 85 77 78 78 97 20 20 78 78 78 78 78 78 20 20 78 78 78 78 20 78 78 78 78 78 78 78 78 78 78 78 78 78 78 78 78 77 84 78 78 78 78 84 78 78 84 78 78 85 78 78 78 78 78 78 78 78 85 78 78 78 78 84 78 78 78 78 78 78 78 78 78 78 78 78 27 78 78 78 78 78 78 77 78 78 97 78 78
79 79 25 23 79 79 79 79 79 79 79 79 79 79 79 79 79 79 79 79 79 79 79 79 79 79 79 79 79 79 25 80 79 79 23 79 79 79 79 79 79 80 79 79 79 79 79 79 79 79 25 79 79 25 23 79 79 80 79 79 23 25 79 79 79 79 79 79 79 79 79 79 25 25 79 79 79 79 79 79 79 79 25 79 79 79 79 80 79 79 79 79 79 79 79 79 79 79 79 79 79 79 79 79 79 79 79 79 22 79 79 81 79 79 79 79 79 79 79 79 79 79 22 79 79 79 79 79 79 25 79 79 79 79 79 79 79 79 22 79 79 79 79 79 79 80 79 79 79 79 79 79 79 79 79 79 79 79 79 79 79 79 23 79 79 80 79 79 79 79 79 79 79 79 79 79 79 79 79 79 79 79 79 79 79 79 79 79 79 79 79 79 79 79 79 79 23 22 79 79 79 79 79 79 22 79 79 79 79 79 79 79 79 79 79 79 79 79 79 79 79 79 79 79 79 79 79 23 79 79 79 79 79 79 79 79 79 79 22 79 79 79 79 17 79 79 79 79 80 79 79 79 79 79 79 80 79 79 79 79 79 79 79 79 79 79 79 79 79 79 80 79 79 22 25 79 79 79 79 79 79 79 79 79 79
80 80 80 80 24 80 80 79 24 79 79 81 81 80 80 80 80 79 80 80 80 80 79 24 80 80 80 80 79 80 80 81 80 80 24 80 80 80 80 81 80 80 79 80 80 79 80 80 81 79 80 80 80 80 25
81 81 24 81 81 81 81 81 81 81 81 80 80 81 81 17 17 24 81 81 81 81 81 81 79 81 81 24 24 81 81 81 81 24 80 81 81 80 80 81 81 81 81 81 81
82 82 82 82 82 82 82 82 87 26 82 82 82 82 87 82 82 82 82 28 26 26 82 82 82 82 82 82 87 26 26 82 82 26 24 82 82 82 82 82 82 28 26 82 82 26 82 82 26 82 82 82 82 82 82 82 82 82 82 82 82 82 82 28 26 87 82 82 87 82 82 82 82 82 82 82 82 82 82 82 82 82 82 82 82 26 82 82 29 82 82 28 82 82 82 82 82 82 82 82 87 87 82 82 82 82 82 82 82 82 82 82 82 82 82 82 28 26 82 82 82 82 82 82 82 82 82 82 82 82 82 82 82 82 82 82 82 82 82 82 82 82 82 82 29 26 82 82 26 82 82 26 82 82
27 83 83 84 26 83 83 84 26 83 83 83 83 84 83 83 83 83 83 83 83 83 83 83 28 83 83 83 83 83 83 83 83 83 83 84 28 26 84 27 84 26 83 83 28 83 83 26 83 83 27
84 84 83 26 84 84 84 84 21 84 84 84 84 84 84 84 84 84 84 83 23 84 84 84 84 78 26 84 84 84 84 78 23 23 83 84 84 84 84 84 84 23 84 84 84 84 27 84 84 84 84 23 84 84 84 84 23 84 84 84 84 77 84 84 84 84 83 21 84 84 84 84 78 78 23 84 84 23 23 84 84 84 84 84 84 84 84 84 84 83 84 84 83 84 84 23 84 84 25 84 84 26 25 84 84 23 84 84 78 78 84 84 78 84 84 78 84 84 84 84 84 84 84 84 84 84
97 85 85 85 85 85 85 27 85 85 27 97 85 85 78 78 27 85 85 78 27 27 97 97 78 85 85 85 85 78 27 78 78 85 85 85 85 85 85 85 85 27 85 85 27 97 85 85 27 85 85 85 85 85 85 85 85 85 85 78 85 85 78 85 85
31 86 86 31 31 86 86 28 86 86 27 28 86 86 86 86 86 86 27 27 86 86 86 86 91 86 86 31 27 27 86 86 91 86 86 86 86 86 86 86 86 31 86 86 27 86 86 86 86 91 31 86 86 28 86 86 86 86
82 28 3 82 29 29 87 87 82 3 87 87 29 87 87 87 87 82 29 82 87 87 28 87 87 82 82 87 87 28 87 87 87 87 87 87 87 87 28 3 87 87 3 87 87 87 87 87 87 87 87 87 87 87 87 87 87
88 88 30 88 88 30 3 88 88 88 88 88 88 89 88 88 88 88 88 88 88 88 88 88 88 88 29 88 88 89 88 88 88 88 30 88 88 88 88 113 88 88 88 88 88 88 29 88 88 88 88 88 88 89 29 88 88 88 88 88 88 88 88 88 88 88 88 88 88 3 88 88 89 88 88 3 29 30 88 88 30 88 88 89 88 88 30 30 88 88 88 88 88 88 88 88 88 88 88 88 29 88 88 88 88 3 88 88 88 88 88 88 88 88 30 88 88 30 88 88 29 88 88 88 88 3 88 88 89 88 88 88 88 88 88 89 89 88 88 88 88 88 88 89 88 88 88 88 88 88 88 88 88 88 88 88 88 88 88 88 88 88
113 89 89 90 89 89 89 89 89 89 89 89 88 89 89 112 89 89 90 89 89 89 89 90 89 89 89 89 30 89 89 88 89 89 89 89 89 89 89 89 112 89 89 89 89 89 89 89 89 90 89 89 89 89 89 89 89 89 89 89 113 89 89 89 89 89 89 112 88 89 89 89 89 89 89 89 89 89 89 89 89 89 89 89 89 89 89 89 89 89 89 89 89 88 90 89 89 89 89 89 89 89 89 90 89 89 89 89 89 89 89 89 89 89 90 89 89 113 88 89 89 113 89 89 90 89 89 89 89 89 89 89 89 89 89 89 89 113 89 89 89 89 89 89 112 89 89 89 89 89 89 89 89 89 89 88 89 89 89 89 89 89 89 89 89 89 112 89 89 89 89 89 89 89 89 89 89 88 89 89 88 89 89 113 113 88 89 89 89 89 89 89 89 89 89 89 113 112 90 89 89 89 89 89 89 89 89 89 89
90 90 90 90 90 90 90 90 90 90 89 90 90 90 90 90 90 90 90 90 90 36 90 90 112 36 90 90 90 90 89 90 90 112 90 90 90 90 89 36 90 90 90 90 90 90 36 90 90 90 90 90 90 90 90 90 90 90 90 30 89 90 90 90 90 90 90 30 111 30 32 90 90 90 90 90 90 111 32 89 90 90 90 90 90 90 89 90 90 90 90 90 90 90 90 89 90 90 30 90 90 36 31 90 90 89 90 90 30 90 90 90 90 30 90 90 112 90 90 32 90 90 90 90 90 90 32 90 90 32 90 90 31 90 90 90 90 112 90 90 36 36 90 90 90 90 90 90 90 90 90 90 90 90 90 90 111 89 90 90 90 90 90 90 32
91 91 33 91 91 33 27 31 96 91 91 91 91 32 96 27 91 91 91 91 91 91 91 91 91 91 31 91 91 91 91 91 91 91 91 86 91 91 92 91 91 32 92 27 96 92 91 91 91 91 91 91 27 91 91 96 86 91 91 91 91 91 91 91 91 27 91 91 91 91 92 91 91 91 91 91 91 33 32 91 91 91 91 91 91 91 91 27 91 91 31 32 33 86 91 91 91 91 91 91 92 32 91 91 91 91 96 91 91 33 91 91 91 91 91 91 91 91 96 91 91 91 91 92 91 91 91 91 91 91 91 91 91 91 91 91
92 92 92 92 92 92 32 33 92 92 92 92 91 93 91 32 91 92 92 92 92 92 92 92 92 91 92 92 32 32 92 92 91 93 92 92 32 92 92 93 92 92 91 32 33 92 92
93 93 33 110 33 93 93 93 93 93 93 110 93 93 93 93 93 93 93 93 93 93 93 93 92 32 93 93 93 93 33 33 93 93 110 93 93 110 110 111 93 93 93 93 93 93 94 93 93 94 93 93 93 93 33 93 93 93 93 93 93 110 110 32 33 32 93 93 93 93 93 93 93 93 92 93 93 110 93 93 33 93 93 93 93 110 32 93 93 33 93 93 33 92 93 93 93 93 110 93 93 93 93 93 93 108 93 93 93 93 33
94 94 71 94 94 99 94 94 99 94 94 33 94 94 94 94 100 94 94 99 110 95 95 94 94 94 94 95 94 94 99 101 94 94 94 94 94 94 100 95 94 94 95 100 94 94 33 100 99 100 94 94 93 94 94 94 94 93 94 94 94 94 110 94 94 94 94 94 94 94 94 95 33 99 95 94 94 94 94 94 94 94 94 100 94 94 94 94 94 94 101 94 94 94 94 94 94 94 94 94 94 94 94 94 94 94 94 33
33 95 95 98 95 95 95 95 95 95 95 95 95 95 95 95 96 71 95 95 98 98 95 95 94 94 33 97 95 95 94 95 95 96 95 95 71 94 94 33 71 95 95 95 95 95 95 98 95 95 95 95 95 95 95 95 95 95 96 95 95 95 95 95 95 98 95 95 95 95 95 95 98 95 95 33 95 95 71 95 95 95 95 95 95 95 95 94 95 95 95 95 94 95 95 97 98 95 95 95 95 95 95 71 98 95 95 95 95 95 95 95 95 95 95 95 95 33 98 33 95 95 95 95 98
96 96 33 97 91 95 27 91 96 96 27 96 96 96 96 95 97 91 96 96 96 96 95 91 96 96 96 96 96 96 96 96 96 96 97 96 96 96 96 96 96 96 96 96 96 97 91 33 96 96 91 27 97
97 97 97 97 97 97 78 98 98 97 97 27 98 96 85 97 97 20 97 97 97 97 97 97 97 97 98 78 97 97 85 95 97 97 20 97 97 97 97 97 97 97 97 96 97 97 97 97 97 97 20 97 97 97 97 97 97 97 97 20 97 97 85 85 78 97 97 96 20 78 97 97 85 95 97 97 97 97 97 97 96 97 97 20 97 97 97 97 97 97 97 97 97 97 97 97 97 97 97 97 97 97 96 78
98 98 95 98 98 98 98 98 98 97 97 98 98 97 34 98 98 98 98 98 98 98 98 98 98 98 98 95 95 97 98 98 98 98 98 98 98 98 34 98 98 98 98 20 98 98 34 98 98 98 98 34 98 98 98 98 71 98 98 98 98 95 98 98 98 98 98 98 98 98 20 34 95 98 98 98 98 95 34 34 98 98 98 98 34 20 98 98 98 98 98 98 98 98 34 34 98 98 98 98 95 20 98 98 98 98 98 98 34 98 98 71 98 98 95 98 98 98 98 71 20 98 98 98 98 95 98 98 71 95 98 98 98 98
99 99 100 99 99 99 99 140 94 99 99 99 99 99 99 99 99 94 100 99 99 99 99 99 99 99 99 94 99 99 99 99 99 99 99 99 101 99 99 101 101 99 99 102 99 99 99 99 99 99 99 99 94 99 99 99 99 140 99 99 99 99 101 101 99 99 99 99 140 99 99 99 99 99 99 99 99 94 102 99 99 103 100 99 99 102 99 99 102 99 99 99 99 35 99 99 99 99 103 102 99 99 99 99 99 99 99 99 99 99 94 101 35 99 99 99 99 99 99 99 99 140 99 99 101 101 99 99 99 99 99 99 101 99 99 99 99 99 99 99 99 35 99 99 99 99 99 99 99 99 99 99 102 99 99 102 99 99 99 99 99 99 99 99 35 99 99 100 99 99 99 99 35
99 100 100 100 100 100 100 71 70 140 99 94 100 100 100 100 100 100 140 70 100 100 100 100 100 100 94 94 94 100 100 94 100 100 100 100 100 100 100 100 99 100 100 140 100 100 100 100 100 100 71 71 100 100 100 100 100 100 100 100 100 100 100 100 100 100 100 100 140 100 100 70 100 100 94 100 100 70 100 100 100 100 70 100 100 140 100 100 100 100 100 100 140 100 100 100 100 100 100 70 99 100 100 100 100
101 101 101 101 101 101 101 101 101 101 101 101 110 101 101 101 101 101 101 101 101 101 101 99 101 101 99 101 101 101 101 101 101 99 103 101 101 94 101 101 109 110 99 103 99 110 101 101 101 101 101 101 101 101 101 101 101 101 101 101 101 101 101 101 101 101 99 109 101 101 103 103 99 101 101 99 99 101 101 110 101 101 103 94 109 109 101 101 101 101 110 110 109 101 101
102 102 102 102 102 102 102 102 140 102 102 102 102 139 102 102 102 102 102 102 139 102 102 102 102 140 102 102 35 102 102 99 102 102 102 102 140 35 102 102 102 102 102 102 140 102 102 102 102 140 99 99 99 102 102 35 141 102 102 102 102 102 102 99 102 102 102 102 35 102 102 102 102 141 35 102 102 35 102 102 102 102 102 102 35 102 102 102 102 35 102 102 35 102 102 99 102 102 102 102 35 99 102 102 140 140 102 102 102 102 102 102 139
103 103 103 103 103 103 103 103 35 103 103 103 103 104 103 103 109 101 103 103 103 103 103 103 103 103 101 103 103 103 103 103 103 103 103 103 103 103 103 103 103 99 35 104 103 103 35 103 103 103 103 99 103 103 103 103 105 103 103 103 103 103 103 103 103 105 105 105 101 105 103 103 103 103 101 105 105 103 103 109 103 103 101 35 103 103 35 35 35 109
104 104 104 104 125 104 104 105 42 106 104 104 104 104 106 104 104 104 104 103 104 104 105 104 104 105 104 104 105 104 104 104 104 35 35 104 104 104 104 106 104 104 104 104 104 104 35 104 104 35 104 104 105 35 106 125 104 104 104 104 103 104 104 104 104 105 104 104 35 104 104 104 104 125 104 104 106 42 104 104 104 104 106 104 104 104 104 104 104 35 104 104 104 104 104 104 104 104 104 104 105 104 104 106 104 104 104 104 104 104 104 104 104 104 42 35 104 104 104 104
105 105 105 105 104 105 105 105 105 105 105 105 105 109 105 105 105 105 105 105 107 105 105 106 105 105 109 104 105 105 109 104 104 105 105 105 105 105 105 105 105 105 105 109 105 105 107 105 105 109 105 105 105 105 105 105 105 105 104 105 105 105 105 105 105 105 105 104 109 105 105 107 105 105 105 105 105 105 105 105 107 105 105 105 105 105 105 103 106 105 105 105 105 107 103 105 105 103 105 105 103 103 105 105 105 105 103 109 105 105 103 109 105 105 105 105 105 105 105 105 105 105 107 105 105 105 105 105 105 105 105 107 104 105 105 105 105 105 105 105 105 109 105 105 105 105 105 105
106 106 107 42 106 106 104 106 106 117 118 116 116 116 107 104 106 106 106 106 116 106 106 106 106 105 116 106 106 118 106 106 106 106 106 106 106 106 106 106 106 106 106 106 106 106 106 106 116 106 106 106 106 42 106 106 42 106 106 104 106 106 106 106 106 106 106 106 106 106 106 106 104 106 106 106 106 106 106 106 106 106 106 106 106 117 106 106 106 106 42 42 106 106 105 106 106 42 107 106 106 116 104 106 106 104 106 106 106 106 106 106 106 106 106 106 106 106 42 106 106 106 106 117 106 106 118 117 116 106 106 104 118 106 106 106 106 106 106 106 106 106 106 106 106 106 106 42 106 106
107 107 106 107 107 109 107 107 107 107 109 107 107 116 107 107 107 107 107 107 36 107 107 116 106 107 107 107 107 116 107 107 105 107 107 107 107 107 107 109 107 107 116 107 107 107 107 116 107 107 107 107 107 107 36 107 107 107 107 105 107 107 107 107 116 107 107 36 107 107 36 108 107 107 116 107 107 107 107 107 107 107 107 107 107 116 109 107 107 107 107 105 107 107 107 107 107 107 107 107 107 107 107 107 105 107 107 107 107 107 107 116 107 107 107 107 107 107 36 105 106 107 107 108 107 107 107 107 116 107 107 109 107 107 107 107 108 105 109 105 36 107 107 107 107 107 107 107 107 107 107 107 107 107 107
108 108 108 108 108 108 108 108 108 108 36 108 108 111 111 111 36 108 108 111 108 108 108 108 111 110 108 108 111 108 108 108 108 108 108 109 108 108 108 108 107 108 108 108 108 108 108 108 108 109 108 108 108 108 108 108 108 108 107 109 108 108 108 108 109 109 108 108 108 108 107 108 108 109 108 108 108 108 108 108 93 110 110
107 107 109 109 109 109 109 109 109 109 109 109 110 105 109 109 109 109 109 109 105 107 109 109 109 109 109 109 110 109 109 105 103 109 109 109 109 105 109 109 101 109 109 110 105 109 109 108 109 109 109 109 109 109 109 109 110 109 109 109 109 107 109 109 109 109 105 108 109 109 109 109 109 109 109 109 109 109 109 109 109 109 109 109 108 101 109 109 109 109 110 105 105 109 109 108 107 108 109 109 103 109 109 110 109 109 108 107 109 109 101 101 109 109 109 109 109 109 109 109 109 109 105 103 109 109 109 109 109 109 101
93 110 110 110 110 110 110 109 110 110 101 110 110 93 110 110 94 109 110 110 108 101 110 110 109 110 110 110 110 110 110 110 110 110 110 101 93 93 93 109 110 110 110 110 110 110 110 110 110 110 110 110 110 110 110 110 110 110 94 110 110 110 110 93 110 110 93 109 110 110 110 110 93 101 93 110 110 110 110 110 110 110 110 110 110 109 110 110 110 110 110 110 110 110 110 110 93 101 101 108 108
111 111 111 111 111 111 108 32 108 36 108 111 111 111 111 32 111 111 108 111 111 36 111 111 108 111 111 32 111 111 108 111 111 90 32 36 111 111 111 111 90 93 32 111 111 111 111 111 111 111 111 111 111 32 111 111 111 111 36 111 111 111 111 36 32 111 111 111 111 32 111 111 36 111 111 32 32 32 111 111 111 111 90 111 111
114 112 112 112 112 112 112 112 112 112 112 112 112 89 90 112 112 112 112 37 112 112 112 112 90 113 112 112 113 112 112 112 112 112 112 89 112 112 112 112 112 112 112 112 112 112 112 112 112 112 114 114 37 89 112 112 112 112 112 112 112 112 112 112 114 112 112 116 112 112 36 112 112 112 112 112 112 112 112 112 112 112 112 112 112 112 112 112 112 112 112 36 112 112 112 112 36 113 112 112 112 112 114 37 112 112 36 112 112 114 112 112 114 36 112 112 112 112 112 112 112 112 112 112 112 112 112 112 112 112 90 37 114 112 112 89 112 112 112 112 116 89 90 114 37 112 112 36 112 112 112 112 112 112 112 112 116 112 112 112 112 112 112 112 112 112 112 112 112 89 112 112
89 115 113 113 113 113 112 112 113 113 113 113 113 113 113 113 88 89 113 113 113 113 113 113 114 113 113 114 112 29 113 113 113 113 89 89 113 113 29 113 113 113 113 114 89 113 113 113 113 114 114 113 113 115 113 113 113 113 89 89 113 113 89
114 114 115 112 114 114 114 114 114 114 114 114 37 114 114 114 114 114 114 37 114 114 114 114 114 114 114 114 37 114 114 114 114 37 114 114 114 114 114 114 112 112 114 114 114 114 114 114 114 114 112 114 114 113 115 37 114 114 113 114 114 112 114 114 115 114 114 115 112 114 114 112 114 114 114 114 37 113 112 114 114 115 113 114 114 114 114 113 114 114 114 114 114 114 114 114 112 114 114 115 114 114 114 114 114 114
114 115 115 115 115 115 115 113 115 115 115 115 115 115 115 115 115 115 115 115 29 37 115 115 115 115 115 115 24 115 115 115 115 37 115 115 37 115 115 38 38 115 115 115 115 38 115 115 115 115 115 115 24 115 115 115 115 39 115 115 115 115 115 115 115 115 115 115 115 115 114 115 115 115 115 115 115 115 115 38 115 115 115 115 38 115 115 115 115 37 115 115 39 115 115 114 115 115 115 115 115 115 114 115 115 115 115 115 115 37 115 115 115 115 114 115 115 115 115 115 115 38 113 37 37 114 115 115 115 115 115 115 115 115 38 115 115 38 115 115
116 116 116 116 37 116 116 116 116 116 116 116 116 116 116 37 116 116 118 118 107 116 116 116 116 106 106 116 116 106 107 116 116 116 116 107 116 116 106 116 116 116 116 106 116 116 118 116 116 116 116 37 116 116 116 116 116 116 37 107 116 116 107 116 116 116 116 37 116 116 116 116 116 116 116 116 116 116 116 116 116 116 116 116 116 116 106 116 116 116 116 116 116 116 116 116 116 118 107 116 116 37 116 116 116 116 36 112 116 116 116 116 107 116 116 116 116 36 116 116 116 116 116 116 116 116 116 116 116 116 116 116 116 116 116 116 116 116 37 116 116 107 116 116 118 116 116 116 116 116 116 116 116 37 116 116 36 116 116 116 116 116 116 116 116 116 116 116 116 116 116 37 116 116 107 118 116 116 116 116 116 116 37 37 116 116 116 116 116 116 116 116 116 116 116 116 116 116 37 106 116 116 116 116 116 116 116 116 116 116 116 116 116 116 116 116 116 116 107 116 116 116 116 116 116 116 116 116 116 116 116 116 116 116 116 116 116 116 116 116 116 112 118 116 116 118 116 116 116 116 37 116 116 116 116 116 116 118 106 116 116 116 116 116 116 116 116 116 116 112 116 116 116 116 116 116 116 116 36 116 116 116 116 116 116 116 116 116 116 36 116 116 116 116
117 117 117 117 42 106 117 117 117 117 117 117 117 117 117 117 118 117 117 117 117 42 118 117 117 42 117 117 117 117 117 117 122 117 117 42 117 117 118 122 117 117 117 117 122 117 117 117 117 122 122 121 121 117 117 117 117 117 117 117 117 106 117 117 117 117 42 117 117 121 122 117 117 42 42 117 117 118 117 117 118 106 118 42 106 118 117 117 117 117 117 117 117 117 117 117 123 117 117 117 117 117 117 117 117 42
118 118 118 118 37 116 116 118 118 106 118 118 118 118 118 118 118 118 118 118 118 118 118 118 118 118 118 118 118 118 118 118 118 118 116 118 118 117 106 118 118 37 118 118 117 118 118 118 118 118 118 37 118 118 118 118 118 118 37 118 118 118 118 118 118 118 118 118 118 40 116 118 118 117 118 118 37 118 118 40 118 118 118 118 116 118 118 37 37 118 118 118 118 118 118 118 118 37 40 118 118 116 40 118 118 118 118 118 118 118 118 118 118 118 118 118 118 118 118 118 118 118 118 118 118 118 118 118 118 118 118 118 118 118 118 118 118 121 118 118 118 118 117 118 118 118 118 117 118 118 117 116 116 106 118 118 117 116 118 118 118 118 118 118 118 118 118 118 106 118 118 118 118 118 118 118 118 118 118 118 118 118 118 118 118 37
38 119 119 119 119 119 119 40 38 119 119 39 38 119 119 39 38 40 119 119 40 40 39 119 119 39 119 119 38 40 40 119 119 119 119 119 119 119 119 119 119 119 119 38 119 119 119 119 38 119 119
120 120 120 120 120 120 120 120 120 120 41 120 120 41 120 120 39 120 120 120 120 120 120 120 120 41 120 120 120 120 41 120 120 39 41 120 120 120 120 39 121 39 120 120 120 120 39 41 39 121 120 120 120 120 39 120 120 39 41 120 120 123 121 41 39 120 120
122 121 121 41 39 41 40 121 121 121 121 40 121 121 40 121 121 121 121 41 121 121 121 121 40 121 121 121 121 40 121 121 121 121 121 121 117 121 121 117 121 121 41 121 121 120 121 121 117 121 121 120 121 121 121 121 118 121 121 121 121 121 121 121 121 120 40 122 121 121 122
121 122 122 123 122 122 122 122 41 117 122 122 41 117 117 41 117 117 122 122 41 122 122 117 123 41 122 122 41 123 122 122 122 122 122 122 121 121 122 122
123 123 123 123 123 123 123 123 123 123 42 123 123 123 123 123 123 122 42 123 123 123 123 123 123 123 123 123 123 123 123 42 123 123 123 123 123 123 124 123 123 123 123 41 128 123 123 123 123 123 123 124 123 123 123 123 123 123 128 123 123 124 123 123 123 123 39 123 123 123 123 123 123 123 123 123 123 41 123 123 123 123 123 123 123 123 123 123 123 123 42 123 123 123 123 123 123 128 123 123 39 123 123 123 123 123 123 124 123 123 123 123 123 123 42 123 123 123 123 123 123 42 123 123 123 123 123 123 123 123 41 123 123 123 123 123 123 123 123 123 123 123 123 123 123 124 123 123 41 123 123 123 123 123 123 123 123 123 123 123 123 123 123 123 123 124 123 123 123 123 123 123 124 124 123 123 123 123 124 123 123 123 123 123 123 123 123 123 123 123 123 123 123 123 123 123 123 42 41 122 123 123 123 123 42 123 123 123 123 123 123 123 123 123 123 123 123 123 123 123 123 123 123 128 41 41 128 123 123 123 123 123 123 123 123 123 123 123 123 124 122 123 123 123 123 123 123 123 123 123 123 123 123 123 123 120 123 123 123 123 123 123 123 123 123 123 123 123 123 123 123 123 123 123 123 123 41 123 123 123 123 123 123 123 123 123 123 128 41 123 123 128 123 123 123 123 123 123 117 123 123 123 123 123 123 123 123 123 123 123 123 123 123 123 123 123 123
128 124 124 42 125 124 124 124 124 126 124 124 124 124 124 124 124 124 124 124 42 124 124 123 124 124 123 124 124 124 124 124 124 124 124 124 124 124 124 124 124 42 127 124 124 124 124 123 126 47 124 124 47 124 124 124 124 124 124 124 124 124 124 124 124 124 124 124 124 124 124 124 124 124 124 124 124 124 124 124 124 124 124 47 125 124 124 123 124 124 124 124 124 124 47 124 124 124 124 47 124 124 124 124 124 124 124 124 124 124 128 47 124 124 126 124 124 124 124 123 124 124 47 124 124 124 124 126 124 124 124 124 124 124 127 123 124 124 124 124 123 123 123 124 124 42 124 124 124 124 124 124 124 124 124 124 124 124 124 124 124 124 124 124 124 124 124 124 124 124 124 124 47 124 124 125 124 124 124 124 126 124 124 124 124 124 124 124 124 47 126 124 124 124 124 128 124 124 124 124 124 124 127 128 124 124 126 124 124 124 124 123 127 124 124 124 124 124 124 126 125 124 124 124 124 128 128 124 124 124 124 124 124 47 124 124 124 124 124 124 124 124 125 124 124 124 124 124 124 124 124 126 128 124 124 124 124 124 124 124 124 124 124 47 126 128 124 124 124 124 125
104 125 125 124 125 125 125 125 125 125 125 125 126 125 125 35 125 125 125 125 125 125 42 35 125 125 125 125 125 125 35 42 125 125 126 125 125 42 125 125 42 125 125 125 125 42 125 125 124 104 35 125 125 35 125 125 125 125 125 125 125 125 125 125 126 104 124 125 125 125 125 125 125 125 125 125 125 35 124 125 125 35 125 125 125 125 125 125 124 125 125 125 125 42 125 125 125 125 125 125 124
35 124 35 126 126 125 126 126 126 126 126 126 126 126 126 126 126 126 126 126 126 126 126 126 126 126 126 126 124 125 35 126 126 126 126 126 126 126 126 35 35 35 124 126 126 124 126 126 126 126 126 126 126 126 47 126 126 126 126 126 126 125 126 126 124 124 124 126 126 35 124 126 126 126 126 126 126 47 126 126 124 126 126 124 35 126 126
127 127 129 127 127 129 128 127 127 127 127 47 47 129 124 127 127 47 128 127 127 127 127 124 128 127 127 127 127 124 127 127 47 128 124 127 127 127 127 128
124 128 128 128 128 39 128 128 127 128 128 128 128 128 128 123 39 128 128 128 128 132 128 128 128 128 128 128 128 128 128 128 128 128 123 128 128 128 128 128 128 128 128 128 128 128 128 128 128 127 128 128 128 128 128 128 128 128 128 128 123 128 128 128 128 128 128 128 128 129 128 128 128 128 128 128 128 128 128 128 128 128 128 128 129 128 128 128 128 124 128 128 128 128 128 128 128 128 128 128 128 128 128 128 128 128 128 128 129 128 128 128 128 129 127 128 128 128 128 128 128 128 128 128 128 128 128 128 128 128 128 129 128 128 124 123 123 124 128 128 127 128 128 128 128 128 128 128 128 124 128 128 124 128 128 128 128 128 128 151 128 128 123 123 124 124 129 128 128 127
129 129 127 127 129 129 129 129 129 129 129 129 129 129 129 129 129 129 47 129 129 129 129 129 129 129 129 132 131 129 129 129 129 127 47 129 129 129 129 47 129 129 130 129 129 129 129 129 129 129 129 130 129 129 130 47 128 129 129 129 129 128 129 129 129 129 131 47 129 129 129 129 129 129 129 129 47 129 129 129 129 130 129 129 129 129 129 129 129 129 128 47 129 129 129 129 130 128 129 129 129 129 129 129 131 129 129 129 129 129 129 130 128 129 129 130 129 129 129 129 129 129 129 129 129 129 131 129 129 129 129 129 129 130 129 129 129 129 128 129 129 129 129
47 131 133 130 130 130 130 130 130 130 130 133 130 130 130 130 130 130 43 43 129 130 130 129 131 133 130 130 129 43 130 130 131 130 130 130 130 130 130 130 130 129 131 130 130 133 129 130 130 47 130 130 47 130 130 129 129 130 130 130 130 130 130 130 130 130 130 130 130 43 130 130 130 130 130 130 133 129 130 130
130 131 131 131 131 129 131 131 131 131 131 131 132 130 131 131 131 131 131 131 131 131 131 131 133 130 131 131 129 133 133 132 131 131 130 132 132 129 131 131 133 131 131 132 131 131 131 131 131 131 129 131 131 131 131 131 131
132 132 132 132 132 132 45 132 132 132 132 132 132 132 132 132 132 132 132 132 132 132 132 132 132 132 132 129 132 132 132 132 128 132 132 132 132 132 132 132 132 132 132 132 132 132 132 132 132 132 132 45 132 132 54 132 132 132 132 132 132 131 133 132 132 132 132 132 132 132 132 132 132 132 132 132 132 132 132 132 132 133 132 132 132 132 132 132 132 132 132 132 54 132 132 151 132 132 132 132 132 132 132 132 133 132 132 131 44 132 132 132 132 54 44 132 132 132 132 44 133 132 132 132 132 132 132 132 132 132 132 132 132 132 132 54 44 44 132 132 132 132 44 132 132 132 132 132 132 132 132 132 132 44 132 132 131 131 132 132 132 132 54 133 132 132 132 132 132 132 132 132 133 133 132 132 132 132 132 132 132 132 44 133 131 132 132 132 132 132 132 132 132 132 132 54 132 132 132 132 44 132 132 45 133 132 132 132 132 44 132 132 132 132 132 132 132 132 132 132 132 132
130 45 133 133 133 133 133 133 43 133 133 133 133 130 43 43 133 133 132 133 133 133 133 130 132 133 133 131 45 133 133 133 133 133 133 133 133 45 133 133 45 131 131 132 132 130 133 133 133 133 133 133 133 133 133 133 132 131 45 132 132 133 133 132 43 133 133 43 133 133 133 133 133 133 133 133 133 133 133 133 133 133 132 130 133 133 133 133 133 133
143 52 134 134 134 134 134 134 134 134 134 134 134 134 134 134 52 134 134 134 134 45 134 134 134 134 52 143 134 134 134 134 134 134 45 134 134 134 134 134 134 134 134 134 134 134 134 145 134 134 134 134 134 134 134 134 135 145 134 134 134 134 134 134 134 134 134 134 134 134 145 135 143 134 134 134 134 143 52 135 134 134 45 143 134 134 145 134 134 134 134 52 134 134 134 134 135 134 134 134 134 134 134 134 134 134 134 134 134 134 134 45 143 52 134 134 45 134 134 134 134 134 134 143 134 134 135 135 134 134 52 52 143 134 134 134 134 52 135 134 134 52 134 134 134 134 134 134 143 134 134 134 134 134 134 134 134 134 134 134 134 134 134 134 134 134 134 134 134 134 134 134 134 134 134 145 134 134 134 134
135 135 46 46 135 135 135 135 135 135 135 135 135 135 135 135 135 135 45 143 135 135 135 135 135 135 135 135 135 135 143 135 135 134 46 45 135 135 46 46 135 135 135 135 135 135 134 144 135 135 134 135 135 46 143 143 135 135 144 134 135 135 135 135 135 135 143 135 135 43 135 135 135 135 143 135 135 134 135 135 134 144 43 45 134 46 143 135 135 45 135 135 135 135 135 135 135 135 135 135 135 135 135 135 135 135 135 135 135 135 135 135 46 135 135 135 135 135 135 135 135 135 135 135 135 45
138 136 136 144 46 136 136 144 136 136 136 136 136 136 136 136 35 136 136 136 136 136 136 136 136 136 136 144 136 136 136 136 46 136 136 46 136 136 137 35 136 136 136 136 136 136 136 136 136 136 137 136 136 136 136 136 136 46 138 136 136 136 136 136 136 138 144 137 35 35 144 136 136 136 136 35 136 136 136 136 138 35 46 136 136 137 136 136 136 136 137 136 136 144 136 136 136 136 136 136 35 137 46 136 136 144 136 136 136 136 136 136 136 136 136 136 136 136 136 136 136 136 136 136 35 137 136 136 136 136 137 46 136 136
137 137 139 137 137 138 137 137 137 137 137 137 137 137 136 137 137 137 137 35 137 137 137 137 136 137 137 138 137 137 137 137 35 139 137 137 136 137 137 139 136 136 35 139 137 137 136 137 137 136 137 137 136
136 48 48 138 138 138 138 137 138 138 138 138 139 138 138 48 138 138 138 138 138 138 138 138 138 138 138 138 138 138 138 138 138 138 48 138 138 136 138 138 137 138 138 136 144 138 138 138 138 136 138 138 138 138 138 138 138 138 138 138 138 138 139 138 138 139 139 138 138 144 48 138 138 48 138 138 48 138 138 144 138 138 48
139 139 139 139 137 141 102 138 102 139 139 35 141 139 139 48 139 139 139 139 139 139 137 141 141 139 139 139 139 139 139 139 139 137 139 139 139 139 139 139 139 139 139 139 137 139 139 138 138 138 139 139 35 48 35 139 139 139 139 141 139 139 102
141 69 70 140 140 141 140 140 140 140 102 140 140 99 140 140 140 140 140 140 140 140 140 140 140 140 70 100 140 140 69 140 140 140 140 100 102 140 140 140 140 140 140 140 140 140 140 140 140 140 140 140 140 140 140 140 140 140 140 99 140 140 102 141 140 140 69 140 140 99 140 140 140 140 140 140 102 102 140 140 140 140 140 140 100 140 140 140 140 140 140 140 140 140 140 140 140 140 140 70 140 140 100 140 140 140 140 140 140 140 140 140 140 140 140 69 99 140 140 140 140 141 140 140 140 140 100 100 70 140 140 140 140 140 140 140 140 69 102 102 140 140 140 140 141 70 141 140 140 140 140 140 140 140 140 69 140 140 140 140
141 141 140 140 141 141 139 69 142 141 141 142 141 141 141 141 141 141 69 69 139 69 141 141 141 141 140 142 141 141 141 141 141 141 141 141 141 141 69 139 141 141 139 48 141 141 141 141 102 48 141 141 48 142 141 141 69 141 141 141 141 141 141 141 141 102 141 141 69 141 141 141 141 141 141 69 141 141 141 141 141 141 140 141 141 141 141 141 141 141 141 141 141 140 141 141 140 139 141 141 141 141 141 141 142 141 141
142 142 69 142 142 142 142 142 142 142 142 142 142 48 141 68 141 142 142 49 142 142 48 68 69 48 142 142 69 142 142 142 142 69 68 142 142 141 142 142 49 12 142 142 142 142 68 142 142 142 142 142 142 142 142 142 142 142 142 142 142 142 142 141 142 142 12 49 69 48 68 142 142 142 142 142 142 142 142 142 142 142 142 142 142 142 142 142 142 68 142 142 142 142 142 142 142 142 142 142 142 142 48 49 142 142 49 12 142 142 48 142 142 142 142 142 142 141
134 4 143 143 143 143 143 143 145 143 143 143 143 143 143 4 143 143 144 143 143 4 143 143 49 134 143 143 143 143 135 143 143 143 143 143 143 143 143 143 143 143 143 143 143 143 143 143 143 143 143 135 143 143 143 143 143 143 143 143 143 143 143 143 143 143 144 143 143 143 143 134 143 143 143 143 134 143 143 143 143 134 143 143 135 135 144 143 143 145 143 143 143 143 143 143 143 143 143 143 143 143 143 143 143 143 143 143 143 143 143 143 49 143 143 135 143 143 143 143 144 134 143 143 145 134 143 143 143 143 135 143 143 143 143 145 143 143 143 143 145 134 143 143 143 143 4 143 143 143 143 143 143 144 143 143 135 143 143 143 143 145 49 143 143 134 143 143 143 143 4 145 143 143 49 143 143 143 143 143 143 143 143 144 143 143 143 143 143 143 144 143 143 143 143 143 143
144 144 136 136 144 144 144 144 143 144 144 144 144 144 144 144 144 144 144 136 144 144 48 49 48 144 144 143 135 144 144 144 144 143 144 144 135 48 136 144 144 138 144 144 46 136 143 144 144 46 144 144 135 144 144 144 144 144 144 136 144 144 144 144 144 144 144 144 143 49 144 144 144 144 138 136 144 144 144 144 144 144 144 144 144 144 143 144 144 144 144 144 144 144 144 143 138
145 145 145 145 145 145 145 145 145 145 4 143 50 145 145 145 145 147 145 145 147 145 145 145 145 145 145 145 145 145 145 145 145 4 145 145 134 145 145 145 145 4 134 145 145 145 145 4 146 145 145 4 145 145 134 146 146 146 4 145 145 145 145 134 145 145 4 145 145 147 143 145 145 145 145 145 145 145 145 145 145 145 145 145 145 145 145 145 145 145 145 146 145 145 4 145 145 145 145 146 143 145 145 145 145 145 145 145 145 145 145 145 145 145 145 145 145 146 145 145 145 145 143 145 145 143 145 145 145 145 145 145 145 145 145 145 145 145 52 4 145 145 145 145 145 145 145 145 145 145 145 145 143 145 145 145 145 146 50 145 145 145 145 4 145 145 143 145 145 145 145 145 145 145 145 145 145 146 4 145 145 4 145 145 145 145 145 145 134 145 145 146 145 145 145 145 4
146 146 146 146 146 146 52 146 146 51 146 146 147 146 146 146 146 146 146 146 146 147 51 146 146 51 146 146 146 146 146 146 51 145 146 146 145 145 52 147 146 146 145 51 146 146 51 146 146 146 146 147 145 146 146 145 52 51 146 146 146 146 146 146 145 51 146 146 146 146 146 146 52 145 146 146 146 146 51 146 146 146 146 146 146 146 146 146 146 147 145 147 146 146 146 146 146 146 145 52 146 146
147 147 149 50 145 145 147 147 147 147 51 146 147 147 147 147 146 50 147 147 147 147 147 147 50 147 147 147 147 149 147 147 147 147 146 147 147 149 147 147 147 147 147 147 147 147 145 147 147 147 147 147 147 147 147 147 147 147 147 5 50 50 146 147 147 147 147 147 147 147 147 147 147 147 147 5 147 147 149 147 147 147 147 147 147 147 147 147 147 147 147 5 147 147 147 147 50 147 147 147 147 147 147 50 147 147 149 147 147 147 147 147 147 50 147 147 147 147 147 147 147 147 146 147 147 146 147 147 50 147 147 147 147 147 147 147 147 147 147 147 147
148 148 64 148 148 5 148 148 148 148 5 148 148 148 148 5 148 148 64 148 148 148 148 5 148 148 5 5 148 148 64 148 148 148 148 148 148 148 148 148 148 9 148 148 148 148 148 148 148 148 50 57 148 148 148 148 64 64 5 148 148 148 148 148 148 50 148 148 9 148 148 50 9 148 148 148 148 148 148 148 148 148 148 148 148 148 148 148 148 148 148 57 9
149 149 149 149 149 149 5 147 149 149 149 149 149 149 149 149 149 149 51 149 149 5 149 149 51 149 149 149 149 149 149 149 149 6 149 149 149 149 5 150 149 149 5 149 149 5 149 149 149 149 5 149 149 149 149 5 150 149 149 149 149 147 150 150 149 149 149 149 149 149 149 149 156 147 149 149 149 149 149 149 149 149 149 149 149 149 149 149 149 149 149 149 57 149 149 5 149 149 149 149 149 149 149 149 149 149 149 149 149 149 149 149 149 149 149 149 149 149 5 149 149 149 149 150 149 149 5 51 149 149 149 149 149 149 149 149 149 149 51 149 149 147 51 149 149 149 149 149 149 149 149 149 149 149 149 149 149 51 51 147 5 149 149 149 149 149 149 57 149 149 149 149 149 149 149 149 51 149 149 149 149 149 149 5 150 150
156 150 150 150 150 51 150 150 156 150 150 150 150 155 150 150 150 150 150 150 149 155 150 150 56 150 150 149 150 150 149 149 150 150 155 156 150 150 56 150 150 56 56 150 150 56 150 150 56 51 150 150 150 150 156 150 150 150 150 150 150 150 150 149 150 150 51 150 150 150 150 150 150 56 150 150 150 150 150 150 150 150 150 150 150 150 150 150 150 150 150 150 56 150 150 156 149 150 150 149 150 150 150 150
54 151 151 54 152 151 151 153 151 151 151 151 151 151 153 151 151 151 151 151 151 153 153 54 151 151 55 151 151 151 151 151 151 151 151 151 151 151 151 151 151 151 151 153 151 151 151 151 151 151 151 151 151 151 151 151 44 151 151 132 151 151 151 151 44 154 54 151 151 151 151 54 151 151 39 151 151 151 151 44 151 151 151 151 151 151 44 54 151 151 151 151 151 151 44 55 151 151 154 151 151 151 151 151 151 128 152 153 44 54 151 151 151 151 151 151
155 152 152 152 152 151 56 152 152 154 154 154 153 55 154 153 152 152 155 152 152 152 152 152 152 153 154 152 152 152 152 56 152 152 152 152 56 153 152 152 152 152 152 152 152 152 152 152 56 152 152 152 152 154 55 153 152 152 152 152 152 152 152 152 152 152 155 55 152 152 154 152 152 152 152 151 152 152 152 152 152 152 56
153 153 153 153 153 153 153 153 151 154 151 153 153 153 153 153 153 151 151 154 154 152 152 153 153 154 151 153 153 152 153 153 153 153 153 153 153 153 154 153 153 152 153 153 153 153 153 153 153 153 153 153 152 154 154 153 153 153 153 153 153 151 153 153
154 154 154 154 154 154 154 154 154 154 154 154 154 154 156 156 154 154 154 154 154 154 154 154 153 154 154 154 154 152 152 154 154 154 154 154 154 154 154 154 154 154 154 156 154 154 154 154 153 152 154 154 154 154 154 154 153 154 154 152 154 154 154 154 153 154 154 154 154 154 154 156 154 154 154 154 154 154 154 154 154 154 154 154 152 154 154 151 154 154 154 154 154 154 154 154 153 154 154 154 154 154 154 154 154 156 152 153 153 156 154 154 154 154 151 154 154 152 154 154 156 155 154 154
152 155 155 150 155 155 150 155 155 56 155 155 155 155 155 155 150 152 155 155 156 156 155 155 56 56 156 155 155 155 155 155 155 156 155 155 155 155 56 152 154
150 156 156 154 154 150 156 156 156 156 156 156 156 156 156 156 154 156 156 150 156 156 156 156 154 149 156 156 155 156 156 155 156 156 150 156 156 156 156 156 156 156 156 155 155 156 156 156 156 156 156 154 156 156 156 156 154 156 156 156 156 156 156 156 156 156 156 154 150 156 156
